0.00632929801940918
0.010653257369995117
0.006047964096069336
0.01847362518310547
0.007595062255859375
0.018715620040893555
0.008697986602783203
0.005384683609008789
0.017682790756225586
0.016745805740356445
0.006556034088134766
0.008148431777954102
0.004809379577636719
0.006110668182373047
0.006444692611694336
0.008457422256469727
0.017610788345336914
0.005944252014160156
0.018216371536254883
0.014243841171264648
0.0044596195220947266
0.007596492767333984
0.007485389709472656
0.006694316864013672
0.004856109619140625
0.008639097213745117
0.007610321044921875
0.0065500736236572266
0.017982959747314453
0.01730632781982422
0.011149406433105469
0.02180171012878418
0.004544973373413086
0.014551401138305664
0.003099203109741211
0.0028858184814453125
0.0030710697174072266
0.0056340694427490234
0.008618354797363281
0.007802486419677734
0.007574558258056641
0.0060541629791259766
0.005464076995849609
0.009096860885620117
0.00541996955871582
0.006768941879272461
0.006544589996337891
0.006448984146118164
0.007624626159667969
0.0068721771240234375
0.017000675201416016
0.0026252269744873047
0.002961397171020508
0.0029630661010742188
0.006734609603881836
0.011121034622192383
0.004034757614135742
0.0029137134552001953
0.0028281211853027344
0.003529787063598633
0.014543533325195312
0.0027828216552734375
0.006390094757080078
0.008226156234741211
0.007905006408691406
0.007236480712890625
0.009150266647338867
0.006438732147216797
0.003975868225097656
0.009157180786132812
0.0038170814514160156
0.004668235778808594
0.004842281341552734
0.0070078372955322266
0.0067903995513916016
0.007660388946533203
0.00865030288696289
0.01682114601135254
0.005399227142333984
0.015460014343261719
0.016412973403930664
0.016970157623291016
0.005432605743408203
0.0064008235931396484
0.0064544677734375
0.006791353225708008
0.0072591304779052734
0.005858182907104492
0.014635324478149414
0.019162893295288086
0.009607315063476562
0.006393909454345703
0.00512385368347168
0.017802953720092773
0.016002178192138672
0.005660057067871094
0.020661354064941406
0.007259845733642578
0.005460023880004883
0.0031054019927978516
0.0030269622802734375
0.009104490280151367
0.0040607452392578125
0.0075054168701171875
0.013257980346679688
0.012782096862792969
0.01361703872680664
0.00427699089050293
0.013813972473144531
0.0029144287109375
0.0033707618713378906
0.005318164825439453
0.009622812271118164
0.006005525588989258
0.006621360778808594
0.006564140319824219
0.006517887115478516
0.00957036018371582
0.00580143928527832
0.01665329933166504
0.008026599884033203
0.005588054656982422
0.017986536026000977
0.008839845657348633
0.020516157150268555
0.02038717269897461
0.008097410202026367
0.008736133575439453
0.01025390625
0.0042989253997802734
0.01064300537109375
0.016495704650878906
0.007904529571533203
0.0071523189544677734
0.015922069549560547
0.008652448654174805
0.00930476188659668
0.0050013065338134766
0.009644031524658203
0.006670951843261719
0.008952617645263672
0.009834051132202148
0.009067296981811523
0.008192300796508789
0.008090972900390625
0.006038665771484375
0.006490230560302734
0.005161285400390625
0.007405519485473633
0.007977724075317383
0.006564617156982422
0.0075719356536865234
0.0045986175537109375
0.012317657470703125
0.015943050384521484
0.004624843597412109
0.015785932540893555
0.007937431335449219
0.0067975521087646484
0.017672061920166016
0.008558511734008789
0.008721351623535156
0.017709732055664062
0.005876302719116211
0.005880832672119141
0.006857872009277344
0.005375862121582031
0.00642848014831543
0.004964113235473633
0.006780147552490234
0.007506608963012695
0.011360883712768555
0.005781412124633789
0.01830434799194336
0.011037588119506836
0.0067288875579833984
0.0071752071380615234
0.005789518356323242
0.01009988784790039
0.01619887351989746
0.006061553955078125
0.011442422866821289
0.007166862487792969
0.009468793869018555
0.007659435272216797
0.01600956916809082
0.013989686965942383
0.004255533218383789
0.006955146789550781
0.008694648742675781
0.007907390594482422
0.02010798454284668
0.014963626861572266
0.006763935089111328
0.007033586502075195
0.0062978267669677734
0.006730794906616211
0.01713395118713379
0.01844501495361328
0.0037338733673095703
0.007707118988037109
0.008446455001831055
0.0070743560791015625
0.015757322311401367
0.005861520767211914
0.017872095108032227
0.002811431884765625
0.006729602813720703
0.017847776412963867
0.008137226104736328
0.007897377014160156
0.005949497222900391
0.005842447280883789
0.004053592681884766
0.004788637161254883
0.005268573760986328
0.019317150115966797
0.0060274600982666016
0.016294479370117188
0.009359359741210938
0.0072743892669677734
0.007081508636474609
0.00559687614440918
0.014691829681396484
0.019256114959716797
0.01190805435180664
0.02807307243347168
0.0037822723388671875
0.0050313472747802734
0.008160829544067383
0.0034852027893066406
0.008639335632324219
0.006192922592163086
0.0074579715728759766
0.007333278656005859
0.015980005264282227
0.009296417236328125
0.007377147674560547
0.01095438003540039
0.005344867706298828
0.006677150726318359
0.00535130500793457
0.008111238479614258
0.008532047271728516
0.006746530532836914
0.010975360870361328
0.015928030014038086
0.008814334869384766
0.006563901901245117
0.006460428237915039
0.006172895431518555
0.01727437973022461
0.006618976593017578
0.005736351013183594
0.005468845367431641
0.00800466537475586
0.006141185760498047
0.007138729095458984
0.012420892715454102
0.007138490676879883
0.016743183135986328
0.0169222354888916
0.015398263931274414
0.005787849426269531
0.005164623260498047
0.01634359359741211
0.018143415451049805
0.007148027420043945
0.014946699142456055
0.008357763290405273
0.0065135955810546875
0.006419181823730469
0.00658869743347168
0.006109714508056641
0.007563591003417969
0.007708549499511719
0.00967264175415039
0.014966726303100586
0.01941967010498047
0.00798344612121582
0.007124423980712891
0.008759260177612305
0.0073282718658447266
0.00838923454284668
0.006297588348388672
0.0057489871978759766
0.008796215057373047
0.006682872772216797
0.007503986358642578
0.016379356384277344
0.010543107986450195
0.00758051872253418
0.01661849021911621
0.004075288772583008
0.017281532287597656
0.00711369514465332
0.009794473648071289
0.006451606750488281
0.009524822235107422
0.007355690002441406
0.0053768157958984375
0.017264366149902344
0.007586479187011719
0.007144927978515625
0.007073640823364258
0.006783962249755859
0.017873287200927734
0.0040967464447021484
0.006548404693603516
0.005890607833862305
0.0076105594635009766
0.007295846939086914
0.010305166244506836
0.00830531120300293
0.008381843566894531
0.006916999816894531
0.00810694694519043
0.016220569610595703
0.005939960479736328
0.006894588470458984
0.004504203796386719
0.0074956417083740234
0.006310224533081055
0.0051305294036865234
0.015844345092773438
0.016376733779907227
0.015886783599853516
0.00732111930847168
0.01027226448059082
0.0068264007568359375
0.004930973052978516
0.006905078887939453
0.01749134063720703
0.0067560672760009766
0.006952524185180664
0.01638174057006836
0.005995750427246094
0.00826883316040039
0.0067234039306640625
0.015497207641601562
0.005881547927856445
0.007974624633789062
0.009079933166503906
0.00564122200012207
0.017627239227294922
0.0065157413482666016
0.010711669921875
0.008229970932006836
0.0065500736236572266
0.005912303924560547
0.008961915969848633
0.01848435401916504
0.007822751998901367
0.01276540756225586
0.017386674880981445
0.0049746036529541016
0.008159875869750977
0.00601959228515625
0.006680965423583984
0.015703916549682617
0.015099525451660156
0.016811132431030273
0.013034343719482422
0.004866361618041992
0.006853818893432617
0.009677410125732422
0.009514808654785156
0.007922172546386719
0.0187838077545166
0.009525537490844727
0.008800268173217773
0.006878376007080078
0.006945610046386719
0.005283355712890625
0.006749153137207031
0.020859479904174805
0.007969856262207031
0.011559724807739258
0.016409635543823242
0.016068458557128906
0.021420717239379883
0.015020608901977539
0.007432222366333008
0.018093109130859375
0.007361650466918945
0.00687861442565918
0.008431196212768555
0.00832056999206543
0.008454322814941406
0.003880739212036133
0.015717029571533203
0.006433010101318359
0.01530766487121582
0.011533021926879883
0.00517582893371582
0.015191078186035156
0.010781288146972656
0.014164924621582031
0.00587153434753418
0.007845878601074219
0.016733884811401367
0.023113012313842773
0.008365631103515625
0.006998300552368164
0.013784170150756836
0.007627248764038086
0.007391929626464844
0.008513927459716797
0.006601095199584961
0.007999897003173828
0.005762577056884766
0.017444372177124023
0.01595306396484375
0.008794069290161133
0.0065042972564697266
0.00526118278503418
0.009482383728027344
0.00577998161315918
0.008847951889038086
0.009282112121582031
0.016542911529541016
0.009061098098754883
0.007088422775268555
0.01675701141357422
0.016266822814941406
0.007082462310791016
0.017992734909057617
0.006061553955078125
0.009230613708496094
0.007863998413085938
0.009020328521728516
0.01632213592529297
0.008916616439819336
0.0048024654388427734
0.008544445037841797
0.0170900821685791
0.00818634033203125
0.006433010101318359
0.0058138370513916016
0.017345190048217773
0.004917144775390625
0.01486825942993164
0.015574932098388672
0.0065402984619140625
0.007000923156738281
0.01703166961669922
0.007038116455078125
0.015542745590209961
0.007997751235961914
0.010340452194213867
0.015697717666625977
0.009962081909179688
0.006613969802856445
0.016356229782104492
0.014875411987304688
0.007180213928222656
0.006937980651855469
0.021822214126586914
0.01660895347595215
0.01860809326171875
0.01851344108581543
0.006079673767089844
0.00632929801940918
0.01026010513305664
0.0064792633056640625
0.0047724246978759766
0.010584831237792969
0.008486032485961914
0.006818056106567383
0.007652997970581055
0.014707565307617188
0.009096860885620117
0.009331703186035156
0.008099079132080078
0.018145322799682617
0.006757020950317383
0.008214473724365234
0.011806726455688477
0.007046222686767578
0.008974790573120117
0.005924224853515625
0.005387544631958008
0.006853818893432617
0.017827272415161133
0.006752729415893555
0.004915714263916016
0.008218526840209961
0.01856088638305664
0.008131265640258789
0.0064296722412109375
0.005356788635253906
0.007958412170410156
0.010626077651977539
0.006798744201660156
0.008011102676391602
0.0077972412109375
0.009334564208984375
0.005438566207885742
0.006238222122192383
0.018118858337402344
0.005503416061401367
0.007976531982421875
0.016358375549316406
0.009290218353271484
0.008613348007202148
0.007679462432861328
0.009665250778198242
0.006606340408325195
0.0074541568756103516
0.0072252750396728516
0.008716583251953125
0.005389690399169922
0.011578083038330078
0.0050029754638671875
0.0038881301879882812
0.006553173065185547
0.006724119186401367
0.006352901458740234
0.008467435836791992
0.008176326751708984
0.0073130130767822266
0.008139610290527344
0.00635838508605957
0.006826877593994141
0.00613856315612793
0.006087541580200195
0.0044519901275634766
0.009018421173095703
0.022394180297851562
0.016983747482299805
0.007382392883300781
0.008334636688232422
0.016196250915527344
0.01842045783996582
0.005226612091064453
0.006067991256713867
0.006982326507568359
0.010338783264160156
0.0065517425537109375
0.005125522613525391
0.01657700538635254
0.006870269775390625
0.010431289672851562
0.01575756072998047
0.009598731994628906
0.006293773651123047
0.005246639251708984
0.006011962890625
0.01832747459411621
0.017672061920166016
0.005701780319213867
0.008235931396484375
0.008454561233520508
0.0059545040130615234
0.016423702239990234
0.004366636276245117
0.019494295120239258
0.01537179946899414
0.007151603698730469
0.006056308746337891
0.01813340187072754
0.00458216667175293
0.012407779693603516
0.0051996707916259766
0.010993719100952148
0.005917072296142578
0.007245779037475586
0.00961613655090332
0.008600473403930664
0.00731968879699707
0.005997419357299805
0.015431642532348633
0.008418798446655273
0.01685309410095215
0.0058062076568603516
0.008100032806396484
0.0072286128997802734
0.018109798431396484
0.011520624160766602
0.017734527587890625
0.01906442642211914
0.00420832633972168
0.007696866989135742
0.003932952880859375
0.009779691696166992
0.006266117095947266
0.007972240447998047
0.011517524719238281
0.005184173583984375
0.01603102684020996
0.006110191345214844
0.007845163345336914
0.015397071838378906
0.007670879364013672
0.005795955657958984
0.017282724380493164
0.007509469985961914
0.0066187381744384766
0.007513523101806641
0.009478330612182617
0.009549379348754883
0.009329795837402344
0.008423566818237305
0.008409500122070312
0.00940704345703125
0.006507396697998047
0.009718656539916992
0.005956888198852539
0.006421089172363281
0.007046699523925781
0.007149457931518555
0.017470598220825195
0.021976232528686523
0.01251363754272461
0.005877017974853516
0.005169868469238281
0.006914377212524414
0.007300853729248047
0.009391307830810547
0.008924245834350586
0.008430242538452148
0.010936737060546875
0.005917072296142578
0.01109170913696289
0.015062570571899414
0.020373106002807617
0.013019323348999023
0.0062634944915771484
0.005045413970947266
0.006602048873901367
0.00798344612121582
0.017385005950927734
0.017024993896484375
0.006871938705444336
0.006337642669677734
0.006150245666503906
0.006400585174560547
0.006300210952758789
0.0064961910247802734
0.005395174026489258
0.011162757873535156
0.010948896408081055
0.0071642398834228516
0.006613254547119141
0.0048787593841552734
0.006561756134033203
0.007891416549682617
0.01691460609436035
0.011054754257202148
0.016982078552246094
0.0045888423919677734
0.007234334945678711
0.01598811149597168
0.007707118988037109
0.006941795349121094
0.007645845413208008
0.00884866714477539
0.0071256160736083984
0.0057468414306640625
0.006771087646484375
0.004887104034423828
0.006220817565917969
0.006134986877441406
0.005769252777099609
0.006108522415161133
0.006333112716674805
0.015909433364868164
0.0060045719146728516
0.015802621841430664
0.006514549255371094
0.006415128707885742
0.006716728210449219
0.006099700927734375
0.005730867385864258
0.007590293884277344
0.00735783576965332
0.006915569305419922
0.01839447021484375
0.00731205940246582
0.006680011749267578
0.006737232208251953
0.008425235748291016
0.005621194839477539
0.009976387023925781
0.006582736968994141
0.017998695373535156
0.008187055587768555
0.010836124420166016
0.0068624019622802734
0.006919145584106445
0.005360841751098633
0.0047304630279541016
0.007684946060180664
0.006798267364501953
0.008637666702270508
0.006456613540649414
0.006339550018310547
0.007997512817382812
0.016782522201538086
0.011768102645874023
0.017174482345581055
0.008215904235839844
0.02103734016418457
0.01770639419555664
0.006354331970214844
0.005110263824462891
0.016589641571044922
0.01664113998413086
0.005403041839599609
0.018683910369873047
0.009586572647094727
0.007302761077880859
0.018000364303588867
0.007442951202392578
0.00632476806640625
0.018529176712036133
0.0035758018493652344
0.006231069564819336
0.0057141780853271484
0.006389617919921875
0.007353544235229492
0.005776643753051758
0.007100105285644531
0.00680088996887207
0.007155418395996094
0.00501704216003418
0.0061876773834228516
0.006287574768066406
0.006845951080322266
0.007235288619995117
0.013592243194580078
0.017478227615356445
0.003564119338989258
0.012968301773071289
0.005131721496582031
0.010596990585327148
0.006901979446411133
0.006717205047607422
0.015890836715698242
0.006972312927246094
0.006573677062988281
0.011098146438598633
0.005594968795776367
0.008006095886230469
0.004742145538330078
0.009025812149047852
0.008352041244506836
0.0060880184173583984
0.007174253463745117
0.00500035285949707
0.005523204803466797
0.018595457077026367
0.00795888900756836
0.0067369937896728516
0.00647425651550293
0.01574230194091797
0.017114639282226562
0.004388570785522461
0.006810665130615234
0.008322477340698242
0.008810758590698242
0.01247406005859375
0.01917552947998047
0.009662628173828125
0.0035762786865234375
0.0041697025299072266
0.0047855377197265625
0.020797014236450195
0.007757425308227539
0.005567073822021484
0.00677490234375
0.010021448135375977
0.008213520050048828
0.017922163009643555
0.008563756942749023
0.007221698760986328
0.017418384552001953
0.006413459777832031
0.01998591423034668
0.00576329231262207
0.01832270622253418
0.016547203063964844
0.015740394592285156
0.005695343017578125
0.004681825637817383
0.015125513076782227
0.007119417190551758
0.006482124328613281
0.006796360015869141
0.010754585266113281
0.00682520866394043
0.007134675979614258
0.005021572113037109
0.0025987625122070312
0.002819061279296875
0.0032618045806884766
0.002907991409301758
0.0029458999633789062
0.002792835235595703
0.013401269912719727
0.002424001693725586
0.01364445686340332
0.014708280563354492
0.014244556427001953
0.003463268280029297
0.0049784183502197266
0.0036163330078125
0.008826017379760742
0.006197690963745117
0.006650209426879883
0.018012046813964844
0.005335569381713867
0.006533622741699219
0.018207788467407227
0.009843587875366211
0.01814746856689453
0.008485555648803711
0.005491495132446289
0.007124185562133789
0.006140708923339844
0.006259918212890625
0.009162187576293945
0.005728244781494141
0.007611274719238281
0.00666499137878418
0.0050449371337890625
0.006596088409423828
0.007400989532470703
0.006670236587524414
0.017119646072387695
0.007836341857910156
0.0071413516998291016
0.007261037826538086
0.008722066879272461
0.0067806243896484375
0.006384849548339844
0.007310390472412109
0.008656978607177734
0.009654521942138672
0.006228446960449219
0.016846656799316406
0.01416635513305664
0.008404970169067383
0.005553722381591797
0.005907773971557617
0.004591464996337891
0.010096073150634766
0.017616987228393555
0.01590418815612793
0.015051841735839844
0.017516374588012695
0.018324613571166992
0.015307426452636719
0.008844375610351562
0.009088277816772461
0.008604764938354492
0.006438732147216797
0.007742881774902344
0.007036447525024414
0.005418300628662109
0.006086111068725586
0.006115913391113281
0.0069391727447509766
0.007758140563964844
0.008044242858886719
0.006119251251220703
0.007911443710327148
0.00518488883972168
0.0064239501953125
0.01055288314819336
0.02116847038269043
0.004717826843261719
0.00397801399230957
0.015223264694213867
0.019669294357299805
0.00608062744140625
0.0071108341217041016
0.015342950820922852
0.01854848861694336
0.005859851837158203
0.004732608795166016
0.00592803955078125
0.007544517517089844
0.009262800216674805
0.008849859237670898
0.015715360641479492
0.00649571418762207
0.006285429000854492
0.006299257278442383
0.005856513977050781
0.017498493194580078
0.007552146911621094
0.007527589797973633
0.00484013557434082
0.004172086715698242
0.0066585540771484375
0.011239767074584961
0.007002830505371094
0.010988950729370117
0.008485555648803711
0.006855010986328125
0.005318164825439453
0.005343914031982422
0.0070133209228515625
0.01827406883239746
0.005005359649658203
0.005671024322509766
0.021930217742919922
0.007767915725708008
0.00888371467590332
0.0036208629608154297
0.009145498275756836
0.006720304489135742
0.006350994110107422
0.006590127944946289
0.0069277286529541016
0.006783485412597656
0.0074176788330078125
0.005416393280029297
0.01864790916442871
0.005635499954223633
0.005883216857910156
0.007967948913574219
0.007645845413208008
0.005099296569824219
0.00668025016784668
0.009202241897583008
0.00789642333984375
0.016834020614624023
0.0069217681884765625
0.005518198013305664
0.008924484252929688
0.007613182067871094
0.00976872444152832
0.008211374282836914
0.018342018127441406
0.004469633102416992
0.005463361740112305
0.007762432098388672
0.007056236267089844
0.017296552658081055
0.00672149658203125
0.0056514739990234375
0.01668071746826172
0.006827592849731445
0.0052754878997802734
0.007202863693237305
0.013711690902709961
0.00439906120300293
0.010251760482788086
0.01685929298400879
0.0035986900329589844
0.0042340755462646484
0.00420379638671875
0.0046041011810302734
0.007888555526733398
0.006679058074951172
0.0068743228912353516
0.007646799087524414
0.007840633392333984
0.005993366241455078
0.008972406387329102
0.010552406311035156
0.007426261901855469
0.00845193862915039
0.007069587707519531
0.006983041763305664
0.009590625762939453
0.0072100162506103516
0.006676673889160156
0.006944179534912109
0.010039806365966797
0.0068607330322265625
0.005629539489746094
0.005953550338745117
0.007201194763183594
0.016155481338500977
0.005983591079711914
0.00788426399230957
0.005861759185791016
0.020054101943969727
0.008168458938598633
0.006747722625732422
0.010595083236694336
0.0061151981353759766
0.0162050724029541
0.006762504577636719
0.0057277679443359375
0.006570100784301758
0.016339540481567383
0.018044471740722656
0.017213106155395508
0.007436275482177734
0.01688528060913086
0.0043528079986572266
0.006623744964599609
0.0074863433837890625
0.017530202865600586
0.004923343658447266
0.00803065299987793
0.005773067474365234
0.018535852432250977
0.010278940200805664
0.017852783203125
0.007361173629760742
0.00817418098449707
0.019376039505004883
0.0027322769165039062
0.007913827896118164
0.007424116134643555
0.0050067901611328125
0.006346940994262695
0.019201278686523438
0.005898237228393555
0.0057790279388427734
0.0035758018493652344
0.004919528961181641
0.009676933288574219
0.00620722770690918
0.01620030403137207
0.00701141357421875
0.011363744735717773
0.006028652191162109
0.0037713050842285156
