0.02187180519104004
0.028486013412475586
0.02492666244506836
0.03454947471618652
0.020667552947998047
0.018828630447387695
0.04542183876037598
0.013649940490722656
0.021095991134643555
0.032247304916381836
0.02543354034423828
0.009607553482055664
0.04195427894592285
0.008704662322998047
0.026047229766845703
0.00775909423828125
0.040271759033203125
0.00970458984375
0.030514001846313477
0.011274337768554688
0.03303670883178711
0.024425029754638672
0.021725177764892578
0.028898000717163086
0.010854005813598633
0.025228500366210938
0.01925349235534668
0.0201568603515625
0.010882139205932617
0.04346442222595215
0.03186655044555664
0.015695810317993164
0.011811017990112305
0.0500640869140625
0.008158206939697266
0.011749982833862305
0.04218459129333496
0.02441263198852539
0.03390669822692871
0.012526512145996094
0.0074520111083984375
0.038881540298461914
0.02034163475036621
0.009639263153076172
0.14701390266418457
0.04908633232116699
0.01088261604309082
0.035166025161743164
0.02946639060974121
0.023118019104003906
0.03011465072631836
0.02149653434753418
0.010137319564819336
0.03603029251098633
0.009052038192749023
0.008984565734863281
0.04504752159118652
0.027469158172607422
0.019812822341918945
0.02043294906616211
0.020114660263061523
0.03229475021362305
0.021146059036254883
0.019064664840698242
0.030736923217773438
0.027407169342041016
0.010196447372436523
0.012020349502563477
0.043599605560302734
0.02093672752380371
0.012947320938110352
0.03213191032409668
0.016548633575439453
0.03357338905334473
0.010195255279541016
0.05669116973876953
0.021442651748657227
0.022626161575317383
0.02604365348815918
0.022931337356567383
0.02465677261352539
0.01129770278930664
0.008753776550292969
0.03376507759094238
0.020490407943725586
0.03352665901184082
0.029631853103637695
0.009305477142333984
0.009854316711425781
0.036194801330566406
0.020261764526367188
0.043166399002075195
0.007068634033203125
0.04339742660522461
0.030817747116088867
0.04275989532470703
0.020273685455322266
0.01914381980895996
0.03415942192077637
0.022402048110961914
0.028252840042114258
0.020929813385009766
0.020714282989501953
0.029935359954833984
0.010400772094726562
0.03353691101074219
0.04081439971923828
0.008511781692504883
0.0313878059387207
0.008704662322998047
0.05090785026550293
0.020800352096557617
0.018845081329345703
0.010821104049682617
0.04192972183227539
0.021475791931152344
0.011858463287353516
0.049828290939331055
0.021428585052490234
0.052895307540893555
0.017722368240356445
0.00876474380493164
0.07103276252746582
0.008158206939697266
0.009935140609741211
0.06412076950073242
0.016818761825561523
0.009019613265991211
0.06036496162414551
0.028404951095581055
0.05077767372131348
0.010883331298828125
0.03371167182922363
0.011701583862304688
0.04433631896972656
0.008728981018066406
0.03097820281982422
0.00883626937866211
0.04402661323547363
0.03682589530944824
0.010074377059936523
0.029895544052124023
0.01094675064086914
0.04306459426879883
0.022378921508789062
0.011758565902709961
0.035115957260131836
0.016068696975708008
0.010402679443359375
0.037334442138671875
0.029942035675048828
0.007970571517944336
0.03185915946960449
0.007235288619995117
0.05272221565246582
0.03883934020996094
0.009734869003295898
0.0434720516204834
0.0205538272857666
0.0308074951171875
0.05713915824890137
0.034258365631103516
0.011519193649291992
0.0449368953704834
0.027234554290771484
0.00958704948425293
0.05239295959472656
0.021586179733276367
0.014540672302246094
0.043237924575805664
0.021776914596557617
0.03065943717956543
0.03565669059753418
0.010655879974365234
0.01983189582824707
0.020262718200683594
0.01082611083984375
0.044884681701660156
0.03813576698303223
0.03130316734313965
0.010558843612670898
0.03744673728942871
0.013104438781738281
0.010828971862792969
0.045804500579833984
0.02040266990661621
0.016022682189941406
0.009982109069824219
0.037833452224731445
0.010576009750366211
0.029141902923583984
0.01717853546142578
0.010444402694702148
0.031380653381347656
0.02747654914855957
0.020044565200805664
0.03619837760925293
0.02189016342163086
0.022301435470581055
0.025709152221679688
0.03193402290344238
0.019824981689453125
0.05440115928649902
0.011076688766479492
0.030515193939208984
0.04349780082702637
0.14100408554077148
0.049919843673706055
0.008909225463867188
0.06513619422912598
0.01811361312866211
0.021059513092041016
0.049730539321899414
0.01064920425415039
0.03813934326171875
0.008073568344116211
0.046003103256225586
0.033763885498046875
0.008115530014038086
0.030881643295288086
0.029895782470703125
0.039576053619384766
0.032524824142456055
0.021566152572631836
0.030389070510864258
0.05351400375366211
0.05173158645629883
0.009939432144165039
0.030148744583129883
0.032945871353149414
0.029203414916992188
0.012460947036743164
0.05782675743103027
0.0316462516784668
0.009927034378051758
0.021718502044677734
0.0553743839263916
0.040802001953125
0.019913911819458008
0.0417170524597168
0.03841352462768555
0.021605253219604492
0.026321887969970703
0.06755828857421875
0.02013993263244629
0.03406405448913574
0.047966957092285156
0.020011425018310547
0.02101278305053711
0.03896498680114746
0.021474361419677734
0.009666681289672852
0.03348112106323242
0.030090808868408203
0.00794672966003418
0.03283190727233887
0.0269467830657959
0.02016305923461914
0.03317403793334961
0.014872550964355469
0.04017376899719238
0.010919809341430664
0.008209228515625
0.03980588912963867
0.008110523223876953
0.028107643127441406
0.025809288024902344
0.00841069221496582
0.021586179733276367
0.035871267318725586
0.026247024536132812
0.02905559539794922
0.008826017379760742
0.03413224220275879
0.02057623863220215
0.01912236213684082
0.03678727149963379
0.02133965492248535
0.04302501678466797
0.0216825008392334
0.040491580963134766
0.03349447250366211
0.010162115097045898
0.01305389404296875
0.029207229614257812
0.01924872398376465
0.03145575523376465
0.030069589614868164
0.03095722198486328
0.021487951278686523
0.05794882774353027
0.009752035140991211
0.012262582778930664
0.04571270942687988
0.007199287414550781
0.02210402488708496
0.04215836524963379
0.019726991653442383
0.020334720611572266
0.02246880531311035
0.02929973602294922
0.008219003677368164
0.012093782424926758
0.04808998107910156
0.019823551177978516
0.0299375057220459
0.013445377349853516
0.029816389083862305
0.03528785705566406
0.041831254959106445
0.021714210510253906
0.026381492614746094
0.03362679481506348
0.01985335350036621
0.012033939361572266
0.04962730407714844
0.008877754211425781
0.030124664306640625
0.008856534957885742
0.011926651000976562
0.0364534854888916
0.03439974784851074
0.037824392318725586
0.009238004684448242
0.010755777359008789
0.05569911003112793
0.030296802520751953
0.022177934646606445
0.0346982479095459
0.011011838912963867
0.0460362434387207
0.03278660774230957
0.016161203384399414
0.010826349258422852
0.058338165283203125
0.020854473114013672
0.008295774459838867
0.05978727340698242
0.024344682693481445
0.0515902042388916
0.01782822608947754
0.032164573669433594
0.05599021911621094
0.011907577514648438
0.026079177856445312
0.03225421905517578
0.037931203842163086
0.040578603744506836
0.023955106735229492
0.022272586822509766
0.05855274200439453
0.0210568904876709
0.03487348556518555
0.04291987419128418
0.03256702423095703
0.032059431076049805
0.01184988021850586
0.053376197814941406
0.035813331604003906
0.020598649978637695
0.010326862335205078
0.07962536811828613
0.030244827270507812
0.07998394966125488
0.019964933395385742
0.03515815734863281
0.054520368576049805
0.006966590881347656
0.03425431251525879
0.023659706115722656
0.012095212936401367
0.04875898361206055
0.010986328125
0.03499007225036621
0.011873722076416016
0.03458452224731445
0.011157512664794922
0.040346384048461914
0.02290177345275879
0.04462718963623047
0.0399324893951416
0.025199174880981445
0.027878284454345703
0.0207521915435791
0.04032707214355469
0.05274391174316406
0.03235602378845215
0.01241922378540039
0.009034156799316406
0.0690469741821289
0.00950312614440918
0.010400772094726562
0.06903433799743652
0.02411484718322754
0.03201889991760254
0.011501789093017578
0.05841469764709473
0.010630130767822266
0.03219151496887207
0.030887842178344727
0.041879892349243164
0.019558191299438477
0.04633069038391113
0.06223416328430176
0.030965566635131836
0.017108440399169922
0.03179788589477539
0.01078033447265625
0.06402373313903809
0.04414844512939453
0.025983333587646484
0.01956796646118164
0.06237173080444336
0.00972437858581543
0.04802870750427246
0.022858619689941406
0.03606724739074707
0.03503608703613281
0.03304266929626465
0.010640144348144531
0.05221748352050781
0.04277682304382324
0.01177835464477539
0.03895759582519531
0.008911371231079102
0.0500791072845459
0.011316776275634766
0.03760981559753418
0.012794733047485352
0.03895711898803711
0.04832053184509277
0.01860189437866211
0.02248525619506836
0.032555580139160156
0.03498268127441406
0.04429006576538086
0.026891231536865234
0.02049541473388672
0.036524057388305664
0.04667043685913086
0.012814998626708984
0.04518628120422363
0.03212881088256836
0.024707555770874023
0.01078486442565918
0.06538176536560059
0.03470802307128906
0.020709753036499023
0.012308597564697266
0.07010316848754883
0.020298004150390625
0.043627262115478516
0.02861785888671875
0.009599447250366211
0.05615425109863281
0.021747827529907227
0.009031057357788086
0.05595231056213379
0.025247812271118164
0.007957220077514648
0.055039167404174805
0.14081478118896484
0.04994797706604004
0.0295407772064209
0.007386922836303711
0.06709408760070801
0.02585124969482422
0.041240692138671875
0.04092574119567871
0.011830806732177734
0.043863773345947266
0.009931802749633789
0.04950141906738281
0.033498287200927734
0.018008708953857422
0.03112030029296875
0.0560450553894043
0.009698629379272461
0.008854866027832031
0.05342745780944824
0.04372406005859375
0.00790548324584961
0.009055614471435547
0.08494377136230469
0.03211712837219238
0.040480613708496094
0.03723573684692383
0.037102699279785156
0.045197486877441406
0.030009984970092773
0.05669975280761719
0.0431516170501709
0.02100825309753418
0.023874998092651367
0.03615117073059082
0.0594484806060791
0.00894618034362793
0.04210209846496582
0.009414196014404297
0.05850028991699219
0.03396797180175781
0.024885892868041992
0.035108327865600586
0.06125593185424805
0.021225929260253906
0.058013916015625
0.00703740119934082
0.019075393676757812
0.05295109748840332
0.020708084106445312
0.03073883056640625
0.07165336608886719
0.013417720794677734
0.010459423065185547
0.05505084991455078
0.01388096809387207
0.019270896911621094
0.04804205894470215
0.019710779190063477
0.029136180877685547
0.007925271987915039
0.021059036254882812
0.07071113586425781
0.031250715255737305
0.03169417381286621
0.05590081214904785
0.03214907646179199
0.03303694725036621
0.03055405616760254
0.046106815338134766
0.042159080505371094
0.03046441078186035
0.00896596908569336
0.08215165138244629
0.01985621452331543
0.021207809448242188
0.011850595474243164
0.0858614444732666
0.01819634437561035
0.008892059326171875
0.07942318916320801
0.02112436294555664
0.03188204765319824
0.055973052978515625
0.035166025161743164
0.011805057525634766
0.01090240478515625
0.009749412536621094
0.07513570785522461
0.010092735290527344
0.06207609176635742
0.007513999938964844
0.008678913116455078
0.019959688186645508
0.031105518341064453
0.009914636611938477
0.04139089584350586
0.04260420799255371
0.009721040725708008
0.007978677749633789
0.08595442771911621
0.01931476593017578
0.02996683120727539
0.06107759475708008
0.030001163482666016
0.031073570251464844
0.010804891586303711
0.010724306106567383
0.09711766242980957
0.029216527938842773
0.09184837341308594
0.025162458419799805
0.012262344360351562
0.0867152214050293
0.028930187225341797
0.03230881690979004
0.06342649459838867
0.019745588302612305
0.03122115135192871
0.016772747039794922
0.014058828353881836
0.06382250785827637
0.03510332107543945
0.007884502410888672
0.012198925018310547
0.05395221710205078
0.010508298873901367
0.019852161407470703
0.03799271583557129
0.009932279586791992
0.03178524971008301
0.0237429141998291
0.04320812225341797
0.010819196701049805
0.07806181907653809
0.012284278869628906
0.03290605545043945
0.055341482162475586
0.03289794921875
0.026945829391479492
0.009668827056884766
0.02990412712097168
0.053008079528808594
0.04182839393615723
0.014873981475830078
0.009249210357666016
0.07294082641601562
0.02095484733581543
0.020183324813842773
0.056932926177978516
0.04129195213317871
0.02056741714477539
0.009256124496459961
0.06728959083557129
0.012881994247436523
0.03193044662475586
0.019438743591308594
0.06347131729125977
0.035073280334472656
0.013744115829467773
0.09229922294616699
0.01024627685546875
0.021821260452270508
0.07596921920776367
0.00892019271850586
0.03318977355957031
0.010759115219116211
0.03331494331359863
0.05069303512573242
0.019901514053344727
0.04206490516662598
0.009020566940307617
0.061725616455078125
0.020167112350463867
0.03063368797302246
0.020130157470703125
0.06020545959472656
0.04280233383178711
0.018804073333740234
0.01891303062438965
0.07900619506835938
0.048595428466796875
0.010197639465332031
0.01967167854309082
0.07402658462524414
0.01410675048828125
0.021903514862060547
0.0639643669128418
0.031919002532958984
0.021142005920410156
0.044827938079833984
0.023679018020629883
0.029355764389038086
0.009668588638305664
0.010071277618408203
0.036057233810424805
0.0064470767974853516
0.022832393646240234
0.05504560470581055
0.026337146759033203
0.009712457656860352
0.06334114074707031
0.020022153854370117
0.023267269134521484
0.014583826065063477
0.07032155990600586
0.02205061912536621
0.010034561157226562
0.07584595680236816
0.02665233612060547
0.022394895553588867
0.049065351486206055
0.011657476425170898
0.03607320785522461
0.011839628219604492
0.01194000244140625
0.04622077941894531
0.03204202651977539
0.011708974838256836
0.02058863639831543
0.05798506736755371
0.022889375686645508
0.019115209579467773
0.03401780128479004
0.03937888145446777
0.04261612892150879
0.019638538360595703
0.00906229019165039
0.0774848461151123
0.02578115463256836
0.011188268661499023
0.07483458518981934
0.021054506301879883
0.04199862480163574
0.04628419876098633
0.06316614151000977
0.010839700698852539
0.048097848892211914
0.030291318893432617
0.03327441215515137
0.015863895416259766
0.02789902687072754
0.09282922744750977
0.019427776336669922
0.0328521728515625
0.04700064659118652
0.007848262786865234
0.036786794662475586
0.020406246185302734
0.02985525131225586
0.040879249572753906
0.03213024139404297
0.03568387031555176
0.03299832344055176
0.01970076560974121
0.03037118911743164
0.030234336853027344
0.011260032653808594
0.058086395263671875
0.0349888801574707
0.01887369155883789
0.032592058181762695
0.05059528350830078
0.03410768508911133
0.022681236267089844
0.02092766761779785
0.06486225128173828
0.032312631607055664
0.02955341339111328
0.01944422721862793
0.011191844940185547
0.07608437538146973
0.025162220001220703
0.009694099426269531
0.04543471336364746
0.020043134689331055
0.011161088943481445
0.0407404899597168
0.011957883834838867
0.010053634643554688
0.0110015869140625
0.03806138038635254
0.01066446304321289
0.03499174118041992
0.007349967956542969
0.04390311241149902
0.010890007019042969
0.03990817070007324
0.02024555206298828
0.03656268119812012
0.04494595527648926
0.023368120193481445
0.03373885154724121
0.05078387260437012
0.04181480407714844
0.022225141525268555
0.04448103904724121
0.0383763313293457
0.05382680892944336
0.032294511795043945
0.012214183807373047
0.04655003547668457
0.04109692573547363
0.022560596466064453
0.008147716522216797
0.05788540840148926
0.01029205322265625
0.020600318908691406
0.03914380073547363
0.016214370727539062
0.007856369018554688
0.037322044372558594
0.027170658111572266
0.030193090438842773
0.03689765930175781
0.008011817932128906
0.0851750373840332
0.008742094039916992
0.017963647842407227
0.034436702728271484
0.05081677436828613
0.040167808532714844
0.042943716049194336
0.046773433685302734
0.03503227233886719
0.05070924758911133
0.04016613960266113
0.04659700393676758
0.02924060821533203
0.06797504425048828
0.009543180465698242
0.06715846061706543
0.03302145004272461
0.02103281021118164
0.009679079055786133
0.0699152946472168
0.012901067733764648
0.07215738296508789
0.008940696716308594
0.05034017562866211
0.05078315734863281
0.04088020324707031
0.0322575569152832
0.09302377700805664
0.008643865585327148
0.04113197326660156
0.05798983573913574
0.008651018142700195
0.11916756629943848
0.040967702865600586
0.020524024963378906
0.01821732521057129
0.14983701705932617
0.0211946964263916
0.04194474220275879
0.08382463455200195
0.015494346618652344
0.012392044067382812
0.02963423728942871
0.024361610412597656
0.03239178657531738
0.07247662544250488
0.04050087928771973
0.055562496185302734
0.05082535743713379
0.07131719589233398
0.10378408432006836
0.040741920471191406
0.033065080642700195
0.053064823150634766
0.09882926940917969
0.007810354232788086
0.03669905662536621
0.05862998962402344
0.034673452377319336
0.05495500564575195
0.03201460838317871
0.033728837966918945
0.025149822235107422
0.044824838638305664
0.03457951545715332
0.029932022094726562
0.07506990432739258
0.05100226402282715
0.0579226016998291
0.011838436126708984
0.050307273864746094
0.09955382347106934
0.038305044174194336
0.06488513946533203
0.040036916732788086
0.09866786003112793
0.039069414138793945
0.056917667388916016
0.033144235610961914
0.05590176582336426
0.026606082916259766
0.03239750862121582
0.027889251708984375
0.04971122741699219
0.008394002914428711
0.0918271541595459
0.03976559638977051
0.03479123115539551
0.04172086715698242
0.09760046005249023
0.08960700035095215
0.007787942886352539
0.08106350898742676
0.009690523147583008
0.09014368057250977
0.03312063217163086
0.055895090103149414
0.029953718185424805
0.009874343872070312
0.06272602081298828
0.020369529724121094
0.0318608283996582
0.019686222076416016
0.022000789642333984
0.0860440731048584
0.03895425796508789
0.0310671329498291
0.03484010696411133
0.10106968879699707
0.04097437858581543
0.06201982498168945
0.03791499137878418
0.04677867889404297
0.07892417907714844
0.0382695198059082
0.07067179679870605
0.020922422409057617
0.0822300910949707
0.04368472099304199
0.02191781997680664
0.00993800163269043
0.09400010108947754
0.043132781982421875
0.02687811851501465
0.009785652160644531
0.03397536277770996
0.12303543090820312
0.019850730895996094
0.042113304138183594
0.04774594306945801
0.10329675674438477
0.040883541107177734
0.05494809150695801
0.04582023620605469
0.0794832706451416
0.05048489570617676
0.03594684600830078
0.03033733367919922
0.07336664199829102
0.010248422622680664
0.037992000579833984
0.07978248596191406
0.01984262466430664
0.05799579620361328
0.03895401954650879
0.07907962799072266
0.1027071475982666
0.038196563720703125
0.04612541198730469
0.010595321655273438
0.040804386138916016
0.10486388206481934
0.029520273208618164
0.06691956520080566
0.02065753936767578
0.01920032501220703
0.010799884796142578
0.047400712966918945
0.029598236083984375
0.0418398380279541
0.05507230758666992
0.04583382606506348
0.040250539779663086
0.06586694717407227
0.03310799598693848
0.08862686157226562
0.038205623626708984
0.03316378593444824
0.05486249923706055
0.0390322208404541
0.0850210189819336
0.043686628341674805
0.023745298385620117
0.035222530364990234
0.0769202709197998
0.04111480712890625
0.022231101989746094
0.029906749725341797
0.04412508010864258
0.030012130737304688
0.03379344940185547
0.05920243263244629
0.03402972221374512
0.06855916976928711
0.049790382385253906
0.039202213287353516
0.13484859466552734
0.02923417091369629
0.0509335994720459
0.08673095703125
0.05066490173339844
0.04722857475280762
0.008082151412963867
0.011086463928222656
0.05386924743652344
0.0264434814453125
0.041738033294677734
0.04174375534057617
0.007674455642700195
0.09136605262756348
0.043776512145996094
0.021922826766967773
0.011070489883422852
0.13580727577209473
0.018844127655029297
0.04123067855834961
0.02084207534790039
0.04413628578186035
0.11059021949768066
0.05316734313964844
0.011828184127807617
0.020089387893676758
0.09809327125549316
0.011681795120239258
0.040051937103271484
0.02017045021057129
0.0420992374420166
0.06983137130737305
0.04219412803649902
0.060721397399902344
0.0544283390045166
0.04243636131286621
0.05070638656616211
0.022024869918823242
0.1029667854309082
0.049184322357177734
0.021860599517822266
0.02074408531188965
0.12803220748901367
0.032907724380493164
0.012381315231323242
0.05962061882019043
0.020299434661865234
0.03290367126464844
0.10927033424377441
0.0374445915222168
0.011173486709594727
0.041991233825683594
0.10367369651794434
0.04052090644836426
0.035958051681518555
0.040643930435180664
0.0960540771484375
