0.05529952049255371
0.033762454986572266
0.04383444786071777
0.03699207305908203
0.010946512222290039
0.07222747802734375
0.018497705459594727
0.07435178756713867
0.02368640899658203
0.034191131591796875
0.032758474349975586
0.06405377388000488
0.03271961212158203
0.03313326835632324
0.051535844802856445
0.029241085052490234
0.0077555179595947266
0.07207798957824707
0.020665884017944336
0.06801581382751465
0.016121387481689453
0.05817365646362305
0.0215911865234375
0.05802321434020996
0.009168863296508789
0.009653806686401367
0.042076826095581055
0.009577035903930664
0.0546116828918457
0.009355783462524414
0.01799488067626953
0.03427267074584961
0.03401803970336914
0.04108285903930664
0.011687040328979492
0.041670799255371094
0.033294677734375
0.027733325958251953
0.05678701400756836
0.03133392333984375
0.061675071716308594
0.020086050033569336
0.07160615921020508
0.023356914520263672
0.06766581535339355
0.029422998428344727
0.03157997131347656
0.031123638153076172
0.0806429386138916
0.02673792839050293
0.044066429138183594
0.02088189125061035
0.06183910369873047
0.020011186599731445
0.04969143867492676
0.019304990768432617
0.020745277404785156
0.05924391746520996
0.02158045768737793
0.06832098960876465
0.007228374481201172
0.07383298873901367
0.02100205421447754
0.07787346839904785
0.01261448860168457
0.07201552391052246
0.020665884017944336
0.04083895683288574
0.0370175838470459
0.03397226333618164
0.026971817016601562
0.05071663856506348
0.03215980529785156
0.05091285705566406
0.024266481399536133
0.053742408752441406
0.02505660057067871
0.05202198028564453
0.03999471664428711
0.01974034309387207
0.023184776306152344
0.06508636474609375
0.009458065032958984
0.021912097930908203
0.021065950393676758
0.056359052658081055
0.01951432228088379
0.05822253227233887
0.02437114715576172
0.06172752380371094
0.02210402488708496
0.06451272964477539
0.012059450149536133
0.08962655067443848
0.01790904998779297
0.0750570297241211
0.010510444641113281
0.07804465293884277
0.019932985305786133
0.07404565811157227
0.011682748794555664
0.07417130470275879
0.010805606842041016
0.05893874168395996
0.019361495971679688
0.011553049087524414
0.046355247497558594
0.024155378341674805
0.04675626754760742
0.018419504165649414
0.04679107666015625
0.025777816772460938
0.050145864486694336
0.01900005340576172
0.06944608688354492
0.027718544006347656
0.0348820686340332
0.009799718856811523
0.035979509353637695
0.04799795150756836
0.047326087951660156
0.03872084617614746
0.021930932998657227
0.03447842597961426
0.050490379333496094
0.03491806983947754
0.04703330993652344
0.029954195022583008
0.01260066032409668
0.039835214614868164
0.05347442626953125
0.029597043991088867
0.010113716125488281
0.020990371704101562
0.035376548767089844
0.01917886734008789
0.055816650390625
0.008658647537231445
0.06848526000976562
0.026256799697875977
0.05738019943237305
0.024081707000732422
0.06703448295593262
0.01911020278930664
0.06968450546264648
0.025490522384643555
0.06484436988830566
0.024822711944580078
0.062097787857055664
0.019762516021728516
0.018889904022216797
0.07115054130554199
0.008833646774291992
0.010038137435913086
0.050144195556640625
0.013024091720581055
0.03485441207885742
0.010760784149169922
0.05388379096984863
0.009493827819824219
0.02127385139465332
0.056989192962646484
0.02081298828125
0.060073137283325195
0.020213842391967773
0.07205843925476074
0.023188352584838867
0.06906843185424805
0.028158903121948242
0.013482093811035156
0.04500150680541992
0.049993038177490234
0.008671998977661133
0.033914804458618164
0.011523008346557617
0.05973625183105469
0.03313326835632324
0.04390287399291992
0.026992082595825195
0.049723148345947266
0.03209114074707031
0.037004709243774414
0.009252548217773438
0.0679779052734375
0.019872426986694336
0.0685117244720459
0.009874582290649414
0.0783231258392334
0.01069498062133789
0.07999825477600098
0.010716676712036133
0.0780487060546875
0.017882108688354492
0.039936065673828125
0.0281829833984375
0.024877548217773438
0.05993318557739258
0.02196979522705078
0.05284619331359863
0.028183937072753906
0.044127702713012695
0.023773193359375
0.040305376052856445
0.008796930313110352
0.05619311332702637
0.02028203010559082
0.06427955627441406
0.00974583625793457
0.07002997398376465
0.019165992736816406
0.07575821876525879
0.02007913589477539
0.07776951789855957
0.020292043685913086
0.034059762954711914
0.05057382583618164
0.019535064697265625
0.01558232307434082
0.07180142402648926
0.019844532012939453
0.009012460708618164
0.05888628959655762
0.012398242950439453
0.05756330490112305
0.01906299591064453
0.009923696517944336
0.04259085655212402
0.019522666931152344
0.01994609832763672
0.04784536361694336
0.0271146297454834
0.06398820877075195
0.018138885498046875
0.07088613510131836
0.03100728988647461
0.07288122177124023
0.033098459243774414
0.008993387222290039
0.08380866050720215
0.01898956298828125
0.04013562202453613
0.05470132827758789
0.022887229919433594
0.062384605407714844
0.019383668899536133
0.010049819946289062
0.051789283752441406
0.011009693145751953
0.05852627754211426
0.008684635162353516
0.08033633232116699
0.022446870803833008
0.020703554153442383
0.05702352523803711
0.03214406967163086
0.057374000549316406
0.03945565223693848
0.019872426986694336
0.03199887275695801
0.05913400650024414
0.03776192665100098
0.04790210723876953
0.0350644588470459
0.020140647888183594
0.07584190368652344
0.020917415618896484
0.009199142456054688
0.04488658905029297
0.009704113006591797
0.0659787654876709
0.009242057800292969
0.06595230102539062
0.020755290985107422
0.07406330108642578
0.01956343650817871
0.022057294845581055
0.07487726211547852
0.021009445190429688
0.07415533065795898
0.010712385177612305
0.08392119407653809
0.007938385009765625
0.07227540016174316
0.012790203094482422
0.008708477020263672
0.05528759956359863
0.010999441146850586
0.06619143486022949
0.011758565902709961
0.06590485572814941
0.02279043197631836
0.07825374603271484
0.010614633560180664
0.07601404190063477
0.02036452293395996
0.08844470977783203
0.016835927963256836
0.035503387451171875
0.03449654579162598
0.04978322982788086
0.03079509735107422
0.029952526092529297
0.018172264099121094
0.056169748306274414
0.016721248626708984
0.04816102981567383
0.018132448196411133
0.01010894775390625
0.05197286605834961
0.022108078002929688
0.06171464920043945
0.026374101638793945
0.05482125282287598
0.020679712295532227
0.07440423965454102
0.00976872444152832
0.07572317123413086
0.0223388671875
0.04252958297729492
0.05225181579589844
0.035941362380981445
0.0308990478515625
0.02086925506591797
0.07187056541442871
0.007841825485229492
0.06016683578491211
0.020281076431274414
0.0420377254486084
0.011824369430541992
0.021895408630371094
0.05226898193359375
0.13244938850402832
0.049460411071777344
0.0698854923248291
0.013634204864501953
0.06911468505859375
0.009836673736572266
0.07567334175109863
0.021991491317749023
0.0744776725769043
0.010420799255371094
0.03205394744873047
0.0514073371887207
0.011329889297485352
0.05231428146362305
0.040956974029541016
0.011158227920532227
0.0677032470703125
0.01967310905456543
0.062339067459106445
0.010950565338134766
0.04105377197265625
0.011424779891967773
0.009026527404785156
0.05694913864135742
0.01997065544128418
0.011386871337890625
0.048464059829711914
0.029133081436157227
0.04720449447631836
0.04762864112854004
0.03334975242614746
0.011419057846069336
0.07601118087768555
0.01788806915283203
0.07613968849182129
0.03715395927429199
0.019446849822998047
0.03148245811462402
0.07700538635253906
0.0205385684967041
0.009221792221069336
0.07070589065551758
0.027838706970214844
0.049411773681640625
0.019603252410888672
0.05797719955444336
0.0204010009765625
0.01094675064086914
0.0771324634552002
0.018149852752685547
0.009976863861083984
0.056943416595458984
0.028974056243896484
0.05689740180969238
0.03308987617492676
0.034006357192993164
0.02051830291748047
0.07835245132446289
0.01974797248840332
0.020047903060913086
0.061823129653930664
0.030553102493286133
0.011384963989257812
0.061872243881225586
0.00876474380493164
0.05409693717956543
0.019072532653808594
0.0485537052154541
0.00850224494934082
0.03456926345825195
0.02546834945678711
0.045099496841430664
0.0207211971282959
0.06846237182617188
0.02008199691772461
0.0743093490600586
0.020694494247436523
0.07377195358276367
0.01129770278930664
0.08301496505737305
0.010894536972045898
0.07991552352905273
0.011307954788208008
0.010729312896728516
0.07326412200927734
0.013792037963867188
0.010839223861694336
0.04893898963928223
0.02168893814086914
0.061832427978515625
0.024563312530517578
0.012300491333007812
0.05719161033630371
0.00991678237915039
0.033078908920288086
0.06096768379211426
0.01910090446472168
0.05973243713378906
0.019375085830688477
0.053583383560180664
0.015581607818603516
0.05235791206359863
0.009281158447265625
0.02063727378845215
0.0552668571472168
0.021079063415527344
0.01840353012084961
0.04177212715148926
0.012071609497070312
0.042000532150268555
0.02782154083251953
0.011555910110473633
0.04219627380371094
0.019768953323364258
0.052091360092163086
0.023111581802368164
0.03312516212463379
0.036002397537231445
0.0317685604095459
0.01519465446472168
0.061806678771972656
0.019814491271972656
0.011513948440551758
0.06435227394104004
0.009956598281860352
0.029880523681640625
0.012083292007446289
0.036852359771728516
0.04393959045410156
0.026953935623168945
0.04572033882141113
0.026247739791870117
0.030034303665161133
0.04120969772338867
0.010068178176879883
0.051688432693481445
0.020692825317382812
0.029995203018188477
0.010818004608154297
0.007208347320556641
0.03942084312438965
0.008415937423706055
0.010130167007446289
0.01078343391418457
0.031082630157470703
0.02488088607788086
0.02270221710205078
0.03700995445251465
0.0279848575592041
0.018684864044189453
0.020209550857543945
0.06361627578735352
0.017949581146240234
0.06418776512145996
0.0076923370361328125
0.009057760238647461
0.06683492660522461
0.013976097106933594
0.01059722900390625
0.0380864143371582
0.02048325538635254
0.0488736629486084
0.028985023498535156
0.010520219802856445
0.03734874725341797
0.010764598846435547
0.03142714500427246
0.010498523712158203
0.01068735122680664
0.035889387130737305
0.017843961715698242
0.029033660888671875
0.020729780197143555
0.04154324531555176
0.020389795303344727
0.03215956687927246
0.026734113693237305
0.0329585075378418
0.021357059478759766
0.027652502059936523
0.02963423728942871
0.023569583892822266
0.04615592956542969
0.009292125701904297
0.021674633026123047
0.023813724517822266
0.007699728012084961
0.03207969665527344
0.010616779327392578
0.012147903442382812
0.03645968437194824
0.030942440032958984
0.02209305763244629
0.03373241424560547
0.02404046058654785
0.01035928726196289
0.028271198272705078
0.02785205841064453
0.033553361892700195
0.022732019424438477
0.006812572479248047
0.04004502296447754
0.022144079208374023
0.01026296615600586
0.03890204429626465
0.02214336395263672
0.029901981353759766
0.021560192108154297
0.007989645004272461
0.04607725143432617
0.020817041397094727
0.009835958480834961
0.03594231605529785
0.018477439880371094
0.030080556869506836
0.03315305709838867
0.022130250930786133
0.0270845890045166
0.010843515396118164
0.00984048843383789
0.04311990737915039
0.018922805786132812
0.019470691680908203
0.04774212837219238
0.019486665725708008
0.056833505630493164
0.020549297332763672
0.008974075317382812
0.05128216743469238
0.02289891242980957
0.045479536056518555
0.019829988479614258
0.04220414161682129
0.00927591323852539
0.045754432678222656
0.020993709564208984
0.049164533615112305
0.00983285903930664
0.048285484313964844
0.011813163757324219
0.0389401912689209
0.04031777381896973
0.03155708312988281
0.02055072784423828
0.04411053657531738
0.011126518249511719
0.011293888092041016
0.02889394760131836
0.010471820831298828
0.03687024116516113
0.010961055755615234
0.0448300838470459
0.009839057922363281
0.012412786483764648
0.05080223083496094
0.011090993881225586
0.030780315399169922
0.02525639533996582
0.010357856750488281
0.03580880165100098
0.010728597640991211
0.010907173156738281
0.04712367057800293
0.019809484481811523
0.03493046760559082
0.016204357147216797
0.04224085807800293
0.011115550994873047
0.02564263343811035
0.011965274810791016
0.037108659744262695
0.023634672164916992
0.03403043746948242
0.026456356048583984
0.010670185089111328
0.03627467155456543
0.02365255355834961
0.01018214225769043
0.028611421585083008
0.04084587097167969
0.009609222412109375
0.05583930015563965
0.009086132049560547
0.1510622501373291
0.028710126876831055
0.05799126625061035
0.020322561264038086
0.0517122745513916
0.010701656341552734
0.0071563720703125
0.037873268127441406
0.00712132453918457
0.010112762451171875
0.04204750061035156
0.03969550132751465
0.02197861671447754
0.02426433563232422
0.019778728485107422
0.00894021987915039
0.03423571586608887
0.011433839797973633
0.012386322021484375
0.03505349159240723
0.01150965690612793
0.009803533554077148
0.03900003433227539
0.020160675048828125
0.039856910705566406
0.01587367057800293
0.03983879089355469
0.021561622619628906
0.010254144668579102
0.05027627944946289
0.010619640350341797
0.046034812927246094
0.019804000854492188
0.05011129379272461
0.016702890396118164
0.020931720733642578
0.009907722473144531
0.03180980682373047
0.02622842788696289
0.043213844299316406
0.02077794075012207
0.023186206817626953
0.026158571243286133
0.04226207733154297
0.01175379753112793
0.048471927642822266
0.02075791358947754
0.009024620056152344
0.038522958755493164
0.02921152114868164
0.020993709564208984
0.048419952392578125
0.009935617446899414
0.030451059341430664
0.02704310417175293
0.032428741455078125
0.010965824127197266
0.04996848106384277
0.02084946632385254
0.04111313819885254
0.038852691650390625
0.043573856353759766
0.019940614700317383
0.034829139709472656
0.009891748428344727
0.022957801818847656
0.021659374237060547
0.040644168853759766
0.023424148559570312
0.019079208374023438
0.03262209892272949
0.02169013023376465
0.04397892951965332
0.010033369064331055
0.04924321174621582
0.008548498153686523
0.04491758346557617
0.012032508850097656
0.011466503143310547
0.007749795913696289
0.019751787185668945
0.01098012924194336
0.03508162498474121
0.013579368591308594
0.021883487701416016
0.011877298355102539
0.011746406555175781
0.01750802993774414
0.020055055618286133
0.010112762451171875
0.035066843032836914
0.011510372161865234
0.02057051658630371
0.028973102569580078
0.028819561004638672
0.011698007583618164
0.021019458770751953
0.019520998001098633
0.009712457656860352
0.02283501625061035
0.021257638931274414
0.04082083702087402
0.018519163131713867
0.020809412002563477
0.011821269989013672
0.008993864059448242
0.029998779296875
0.019805908203125
0.012575149536132812
0.02071094512939453
0.012747526168823242
0.01756906509399414
0.035866498947143555
0.02007913589477539
0.04624462127685547
0.01907515525817871
0.00976705551147461
0.0439605712890625
0.012019872665405273
0.011415481567382812
0.029509544372558594
0.023344993591308594
0.010964155197143555
0.010385274887084961
0.03530740737915039
0.01958608627319336
0.021493911743164062
0.028431177139282227
0.018201589584350586
0.012860298156738281
0.019833087921142578
0.011811971664428711
0.028887510299682617
0.02167820930480957
0.020056724548339844
0.011664390563964844
0.02866983413696289
0.010481834411621094
0.009392023086547852
0.038405418395996094
0.021253108978271484
0.0380098819732666
0.008498907089233398
0.007161378860473633
0.027172088623046875
0.02080821990966797
0.020809650421142578
0.01091909408569336
0.03677678108215332
0.011858940124511719
0.009514570236206055
0.018327713012695312
0.022282123565673828
0.025218486785888672
0.0107879638671875
0.03568553924560547
0.020684242248535156
0.049809932708740234
0.011090517044067383
0.049936532974243164
0.019892454147338867
0.010827779769897461
0.03911876678466797
0.02254462242126465
0.04294848442077637
0.020692825317382812
0.010386466979980469
0.04204082489013672
0.01868915557861328
0.044695377349853516
0.0195920467376709
0.010216951370239258
0.04563474655151367
0.00930166244506836
0.053891897201538086
0.020107507705688477
0.042279720306396484
0.010827064514160156
0.008486270904541016
0.0394892692565918
0.008775472640991211
0.011678934097290039
0.03680133819580078
0.00882577896118164
0.009816169738769531
0.008760929107666016
0.008684635162353516
0.03102278709411621
0.03934359550476074
0.020673751831054688
0.025533437728881836
0.01793646812438965
0.041980743408203125
0.00784158706665039
0.03757309913635254
0.022186756134033203
0.02960371971130371
0.011428117752075195
0.011949300765991211
0.04362368583679199
0.010133504867553711
0.011947154998779297
0.044304609298706055
0.02132868766784668
0.04347586631774902
0.013005256652832031
0.0501554012298584
0.021130800247192383
0.05015993118286133
0.012866020202636719
0.04357028007507324
0.010842323303222656
0.05027318000793457
0.008834600448608398
0.009817838668823242
0.04804086685180664
0.00988459587097168
0.00926518440246582
0.04671645164489746
0.0239565372467041
0.019552946090698242
0.028034210205078125
0.0084991455078125
0.027347803115844727
0.03959536552429199
0.020153522491455078
0.010442972183227539
0.04081916809082031
0.022023916244506836
0.01885509490966797
0.011453628540039062
0.03473997116088867
0.01869058609008789
0.03870677947998047
0.016817092895507812
0.04714488983154297
0.027089595794677734
0.020133018493652344
0.01965618133544922
0.04579806327819824
0.028248071670532227
0.021360397338867188
0.04633951187133789
0.016283273696899414
0.04368400573730469
0.019993066787719727
0.0423738956451416
0.012574434280395508
0.05939340591430664
0.013916254043579102
0.05777549743652344
0.008322954177856445
0.05785417556762695
0.01105952262878418
0.04675745964050293
0.011818885803222656
0.010827779769897461
0.03744959831237793
0.009681224822998047
0.033052682876586914
0.02988457679748535
0.038130760192871094
0.008325576782226562
0.052703857421875
0.02091217041015625
0.02082657814025879
0.020025968551635742
0.0448451042175293
0.031978607177734375
0.009298086166381836
0.023526906967163086
0.019986629486083984
0.01802539825439453
0.04311990737915039
0.020105361938476562
0.03618359565734863
0.008821487426757812
0.05322575569152832
0.008012056350708008
0.028971433639526367
0.025604248046875
0.023581981658935547
0.03309893608093262
0.022239208221435547
0.05008506774902344
0.018255233764648438
0.02167820930480957
0.027926921844482422
0.03633999824523926
0.031287193298339844
0.03295540809631348
0.021723031997680664
0.009967327117919922
0.05830049514770508
0.010487079620361328
0.008887767791748047
0.061368703842163086
0.007379770278930664
0.032958269119262695
0.017281055450439453
0.045104026794433594
0.01579141616821289
0.02016139030456543
0.039292097091674805
0.01185297966003418
0.03085803985595703
0.04669308662414551
0.01758551597595215
0.05745506286621094
0.009255170822143555
0.05636143684387207
0.00994420051574707
0.05390787124633789
0.009900808334350586
0.029488801956176758
0.028953075408935547
0.021098613739013672
0.02207350730895996
0.03331780433654785
0.02288961410522461
0.04105401039123535
0.02034783363342285
0.0564272403717041
0.008248090744018555
0.05626702308654785
0.008968353271484375
0.06782269477844238
0.019069671630859375
0.050873756408691406
0.026357412338256836
0.050592660903930664
0.013191938400268555
0.05333447456359863
0.011453628540039062
0.032209157943725586
0.020046710968017578
0.008635282516479492
0.0378260612487793
0.008177518844604492
0.030245065689086914
0.02054119110107422
0.020274877548217773
0.04754161834716797
0.01502537727355957
0.01277780532836914
0.034069061279296875
0.029255390167236328
0.03442692756652832
0.028208017349243164
0.010962963104248047
0.00965571403503418
0.04116249084472656
0.023590564727783203
0.03151655197143555
0.030039072036743164
0.034880876541137695
0.0240020751953125
0.05364394187927246
0.021149635314941406
0.03589987754821777
0.028090953826904297
0.044547319412231445
0.0228579044342041
0.007960796356201172
0.046029090881347656
0.032053232192993164
0.03305673599243164
0.011063814163208008
0.0626065731048584
0.015078306198120117
0.021717309951782227
0.04117608070373535
0.03281855583190918
0.031232118606567383
0.01086568832397461
0.009958028793334961
0.028254270553588867
0.03589177131652832
0.012375593185424805
0.021106481552124023
0.027042150497436523
0.033743858337402344
0.015563011169433594
0.011281251907348633
0.053166866302490234
0.009958505630493164
0.05843949317932129
0.007086992263793945
0.06198620796203613
0.012812376022338867
0.0535426139831543
0.01768636703491211
0.009843587875366211
0.05004072189331055
0.012171745300292969
0.017832040786743164
0.04408669471740723
0.010663747787475586
0.021479129791259766
0.033051252365112305
0.009982824325561523
0.012336492538452148
0.03925657272338867
0.009872198104858398
0.04036307334899902
