0.030991315841674805
0.03318285942077637
0.03226971626281738
0.041603803634643555
0.04499673843383789
0.08894085884094238
0.04483461380004883
0.03594851493835449
0.01988697052001953
0.0332181453704834
0.11523699760437012
0.009291648864746094
0.03016066551208496
0.013034582138061523
0.0317378044128418
0.03204631805419922
0.09695649147033691
0.028940916061401367
0.04004168510437012
0.026326656341552734
0.009456396102905273
0.03496742248535156
0.0780029296875
0.025198698043823242
0.035256147384643555
0.03774690628051758
0.029674768447875977
0.03193807601928711
0.028202295303344727
0.03657674789428711
0.020061731338500977
0.02126288414001465
0.02358269691467285
0.03104090690612793
0.02749323844909668
0.023946046829223633
0.028154373168945312
0.0758504867553711
0.030831098556518555
0.02555704116821289
0.022368431091308594
0.04327201843261719
0.03682899475097656
0.06380200386047363
0.03626060485839844
0.04264712333679199
0.03214907646179199
0.03218650817871094
0.04743218421936035
0.09668684005737305
0.022070884704589844
0.0385746955871582
0.026018381118774414
0.046694278717041016
0.10778141021728516
0.02185368537902832
0.03612470626831055
0.03185868263244629
0.03527498245239258
0.04466700553894043
0.0778493881225586
0.04003405570983887
0.009859323501586914
0.06982183456420898
0.028094053268432617
0.03495144844055176
0.014000892639160156
0.011062145233154297
0.027885913848876953
0.06678366661071777
0.015993833541870117
0.030169010162353516
0.012111186981201172
0.02617049217224121
0.03205108642578125
0.05149531364440918
0.028278827667236328
0.02908039093017578
0.011498212814331055
0.050234079360961914
0.011054754257202148
0.10487985610961914
0.03376960754394531
0.010201215744018555
0.022848844528198242
0.03506135940551758
0.11321878433227539
0.03762245178222656
0.019794464111328125
0.010274887084960938
0.030790328979492188
0.03754138946533203
0.11333799362182617
0.03696417808532715
0.028853178024291992
0.01779317855834961
0.04315662384033203
0.1176602840423584
0.01907491683959961
0.030215024948120117
0.019702672958374023
0.0267789363861084
0.11933255195617676
0.01582193374633789
0.01075291633605957
0.01197052001953125
0.009770870208740234
0.02626347541809082
0.02900552749633789
0.02976679801940918
0.011971473693847656
0.026906251907348633
0.09088563919067383
0.035271644592285156
0.030775785446166992
0.009966135025024414
0.043108224868774414
0.02968740463256836
0.07896661758422852
0.008175134658813477
0.04096031188964844
0.05591583251953125
0.008615732192993164
0.0353848934173584
0.06757354736328125
0.03219795227050781
0.06209444999694824
0.03264260292053223
0.03414201736450195
0.03195548057556152
0.04494833946228027
0.034680843353271484
0.0551300048828125
0.04169487953186035
0.042394399642944336
0.026009082794189453
0.031699180603027344
0.030107975006103516
0.08848762512207031
0.03032708168029785
0.04079318046569824
0.024074554443359375
0.03019404411315918
0.09945297241210938
0.008200645446777344
0.036089420318603516
0.04781794548034668
0.021666288375854492
0.025316953659057617
0.03778958320617676
0.03498268127441406
0.0281522274017334
0.06196260452270508
0.045668601989746094
0.026279449462890625
0.032332420349121094
0.08774924278259277
0.018570899963378906
0.031204700469970703
0.021607160568237305
0.01123952865600586
0.03213000297546387
0.03396868705749512
0.0991201400756836
0.04460263252258301
0.030811548233032227
0.009399890899658203
0.03461480140686035
0.09787249565124512
0.04215049743652344
0.020652055740356445
0.043175697326660156
0.03403878211975098
0.06892561912536621
0.033805131912231445
0.030897855758666992
0.029803752899169922
0.029436826705932617
0.028760910034179688
0.08177590370178223
0.007874727249145508
0.03124094009399414
0.013762950897216797
0.03711509704589844
0.037763118743896484
0.020627498626708984
0.03690814971923828
0.04511213302612305
0.011622190475463867
0.045072317123413086
0.029683828353881836
0.03955960273742676
0.02143073081970215
0.03214263916015625
0.06391286849975586
0.03233814239501953
0.0716404914855957
0.03699922561645508
0.041913509368896484
0.018843412399291992
0.03688359260559082
0.12093734741210938
0.03215146064758301
0.03186988830566406
0.020749330520629883
0.04304695129394531
0.03610110282897949
0.033727169036865234
0.07897472381591797
0.0291292667388916
0.0596163272857666
0.03116297721862793
0.03098750114440918
0.02997446060180664
0.027146339416503906
0.02867722511291504
0.052911996841430664
0.03217649459838867
0.04487490653991699
0.03901815414428711
0.04258608818054199
0.022226333618164062
0.03615736961364746
0.0286867618560791
0.032174110412597656
0.03918623924255371
0.04036831855773926
0.06598925590515137
0.03405022621154785
0.03783774375915527
0.019752979278564453
0.02818131446838379
0.030607223510742188
0.07749128341674805
0.04257607460021973
0.04415750503540039
0.03124380111694336
0.03249073028564453
0.05331587791442871
0.03669333457946777
0.044010162353515625
0.01818060874938965
0.009182214736938477
0.12300372123718262
0.0190122127532959
0.033443450927734375
0.047272682189941406
0.05917620658874512
0.03007817268371582
0.060080528259277344
0.008365154266357422
0.026499032974243164
0.03080582618713379
0.051715850830078125
0.00999903678894043
0.03417658805847168
0.04688119888305664
0.043119192123413086
0.03194546699523926
0.026703357696533203
0.04226255416870117
0.08157110214233398
0.04300498962402344
0.030993223190307617
0.010681629180908203
0.03354978561401367
0.03341269493103027
0.07895684242248535
0.025044918060302734
0.03948712348937988
0.021576881408691406
0.0357973575592041
0.010810375213623047
0.07100152969360352
0.03988528251647949
0.041149139404296875
0.0447084903717041
0.019891738891601562
0.05627846717834473
0.04494953155517578
0.06587553024291992
0.02890157699584961
0.035195350646972656
0.04358029365539551
0.007383823394775391
0.044745445251464844
0.09101462364196777
0.04797959327697754
0.02975773811340332
0.022001028060913086
0.044242143630981445
0.11391162872314453
0.009791135787963867
0.03207826614379883
0.010122299194335938
0.046710968017578125
0.09999704360961914
0.028182268142700195
0.12976574897766113
0.051795005798339844
0.031179428100585938
0.039930105209350586
0.010867118835449219
0.0746312141418457
0.031867265701293945
0.025595426559448242
0.03300666809082031
0.030874252319335938
0.050228118896484375
0.030029296875
0.051300764083862305
0.031118392944335938
0.041211605072021484
0.023806095123291016
0.03276681900024414
0.09965705871582031
0.01944708824157715
0.019524097442626953
0.041370391845703125
0.08182978630065918
0.030907392501831055
0.007815122604370117
0.0360715389251709
0.02248549461364746
0.027506113052368164
0.05466032028198242
0.03525543212890625
0.04207181930541992
0.027849197387695312
0.011290311813354492
0.011659860610961914
0.025486469268798828
0.020810604095458984
0.025834321975708008
0.009927988052368164
0.04499340057373047
0.02868819236755371
0.04746079444885254
0.011554479598999023
0.03223562240600586
0.03962063789367676
0.043181419372558594
0.04008316993713379
0.02272629737854004
0.00877690315246582
0.02992558479309082
0.07179760932922363
0.018830537796020508
0.02503347396850586
0.024996042251586914
0.02606821060180664
0.011766195297241211
0.025167465209960938
0.01061701774597168
0.0441286563873291
0.026079893112182617
0.03695321083068848
0.009006977081298828
0.03883028030395508
0.026988983154296875
0.02384352684020996
0.025212764739990234
0.027721405029296875
0.01101994514465332
0.0197906494140625
0.019901275634765625
0.025368452072143555
0.03778862953186035
0.011156082153320312
0.02653026580810547
0.028278112411499023
0.04803061485290527
0.010811567306518555
0.011929750442504883
0.053319692611694336
0.030542373657226562
0.031233787536621094
0.028291940689086914
0.039568424224853516
0.08268904685974121
0.019813060760498047
0.042647361755371094
0.019752979278564453
0.01055288314819336
0.03307747840881348
0.02915501594543457
0.08680343627929688
0.007725238800048828
0.05285835266113281
0.009371280670166016
0.012121200561523438
0.06754708290100098
0.010714530944824219
0.030668258666992188
0.020477294921875
0.027474641799926758
0.0664823055267334
0.029809236526489258
0.02198481559753418
0.04211091995239258
0.028061866760253906
0.020754098892211914
0.03966546058654785
0.026389122009277344
0.08804631233215332
0.007603883743286133
0.032529354095458984
0.01982569694519043
0.040537118911743164
0.0842585563659668
0.03375434875488281
0.013688802719116211
0.03628134727478027
0.031815528869628906
0.007580757141113281
0.05948495864868164
0.02666783332824707
0.032941341400146484
0.020340681076049805
0.027736902236938477
0.03816699981689453
0.011453390121459961
0.05319094657897949
0.013780593872070312
0.019020557403564453
0.0400848388671875
0.024880170822143555
0.015163183212280273
0.010922908782958984
0.023926734924316406
0.03719186782836914
0.024590015411376953
0.0068280696868896484
0.011107921600341797
0.05110621452331543
0.020552396774291992
0.008445262908935547
0.01169586181640625
0.0477757453918457
0.12401294708251953
0.02982950210571289
0.02086043357849121
0.009078264236450195
0.025167465209960938
0.008872270584106445
0.010087966918945312
0.02486705780029297
0.023344039916992188
0.03683733940124512
0.019893646240234375
0.01086115837097168
0.006980180740356445
0.02457404136657715
0.04870939254760742
0.0376591682434082
0.012068748474121094
0.026004791259765625
0.03513193130493164
0.03072953224182129
0.029875993728637695
0.05373263359069824
0.01900482177734375
0.036295413970947266
0.026189088821411133
0.00935506820678711
0.0395817756652832
0.024753570556640625
0.043935537338256836
0.03858447074890137
0.040781497955322266
0.01070094108581543
0.02543473243713379
0.058476924896240234
0.032056331634521484
0.03688836097717285
0.026732683181762695
0.031162500381469727
0.04415178298950195
0.02877044677734375
0.0331425666809082
0.02772355079650879
0.02104496955871582
0.03962087631225586
0.023147106170654297
0.04476165771484375
0.02443981170654297
0.040524959564208984
0.007989883422851562
0.03002309799194336
0.02800917625427246
0.037908315658569336
0.045987844467163086
0.007909059524536133
0.03707623481750488
0.021946191787719727
0.010129928588867188
0.02175307273864746
0.042289018630981445
0.025887727737426758
0.02083611488342285
0.03807473182678223
0.049993276596069336
0.0087127685546875
0.027387142181396484
0.024977922439575195
0.021380901336669922
0.028676271438598633
0.04938983917236328
0.025920867919921875
0.02932143211364746
0.009835958480834961
0.027115345001220703
0.03187727928161621
0.07660913467407227
0.03161048889160156
0.02020573616027832
0.029123306274414062
0.03585553169250488
0.04527449607849121
0.03741765022277832
0.03647613525390625
0.009518861770629883
0.03224039077758789
0.010775327682495117
0.04808783531188965
0.025862932205200195
0.024660110473632812
0.027231693267822266
0.009766817092895508
0.02809453010559082
0.04900979995727539
0.03786659240722656
0.022070646286010742
0.03681135177612305
0.010982751846313477
0.027722597122192383
0.0245511531829834
0.012370824813842773
0.032877206802368164
0.010105609893798828
0.039960384368896484
0.03438973426818848
0.020387649536132812
0.03893256187438965
0.01228475570678711
0.028638124465942383
0.011228561401367188
0.03689408302307129
0.028984546661376953
0.03364133834838867
0.02083611488342285
0.02557992935180664
0.015077590942382812
0.024205684661865234
0.021567583084106445
0.03490638732910156
0.023891210556030273
0.03028273582458496
0.04879927635192871
0.021853208541870117
0.043688058853149414
0.023294925689697266
0.036224365234375
0.09148740768432617
0.030084848403930664
0.02140212059020996
0.030732154846191406
0.09999465942382812
0.030864477157592773
0.018683910369873047
0.04609560966491699
0.010687112808227539
0.0891880989074707
0.02987384796142578
0.016097307205200195
0.012266159057617188
0.009742498397827148
0.07710862159729004
0.029586076736450195
0.020009279251098633
0.01110386848449707
0.027209043502807617
0.04982399940490723
0.04202747344970703
0.020592689514160156
0.02560138702392578
0.008763790130615234
0.05710721015930176
0.01695561408996582
0.011729240417480469
0.011025190353393555
0.04410552978515625
0.01982402801513672
0.009157896041870117
0.04031872749328613
0.029111385345458984
0.023164987564086914
0.012880563735961914
0.026415586471557617
0.025593996047973633
0.027962446212768555
0.022428035736083984
0.02400493621826172
0.05768585205078125
0.007852554321289062
0.026168346405029297
0.024860620498657227
0.0289764404296875
0.029231786727905273
0.03456997871398926
0.027154207229614258
0.0387415885925293
0.035111427307128906
0.03581738471984863
0.039198875427246094
0.020774126052856445
0.04374432563781738
0.06426858901977539
0.026087045669555664
0.020862102508544922
0.04297757148742676
0.07286405563354492
0.009963750839233398
0.05627274513244629
0.04048728942871094
0.01107931137084961
0.03296685218811035
0.02627253532409668
0.06853818893432617
0.03244590759277344
0.011693477630615234
0.025529146194458008
0.03809714317321777
0.06690478324890137
0.008175134658813477
0.029494285583496094
0.03410172462463379
0.010038137435913086
0.033150434494018555
0.04690051078796387
0.028102397918701172
0.03702545166015625
0.011241436004638672
0.020284175872802734
0.03581738471984863
0.012158632278442383
0.03887748718261719
0.013009071350097656
0.02291584014892578
0.02100968360900879
0.02396082878112793
0.026300907135009766
0.023467063903808594
0.03712606430053711
0.04283547401428223
0.037030696868896484
0.020360946655273438
0.02751779556274414
0.09037089347839355
0.030034303665161133
0.01924729347229004
0.012079238891601562
0.033050537109375
0.07692599296569824
0.024775266647338867
0.03299093246459961
0.01323699951171875
0.048387765884399414
0.009228229522705078
0.08866453170776367
0.02546977996826172
0.03192591667175293
0.020528316497802734
0.020895004272460938
0.0274660587310791
0.0699305534362793
0.026090383529663086
0.02553272247314453
0.02021312713623047
0.026810646057128906
0.04082226753234863
0.02605891227722168
0.011811017990112305
0.023123741149902344
0.012933731079101562
0.03758740425109863
0.010732412338256836
0.03877067565917969
0.011820316314697266
0.026042699813842773
0.0321195125579834
0.010454654693603516
0.028202295303344727
0.03309750556945801
0.03680992126464844
0.03789067268371582
0.02218174934387207
0.03591346740722656
0.06397342681884766
0.025971174240112305
0.028786659240722656
0.019969701766967773
0.0265350341796875
0.08340954780578613
0.008087396621704102
0.027040481567382812
0.01802206039428711
0.042771339416503906
0.028123140335083008
0.04954361915588379
0.027350902557373047
0.010723590850830078
0.0631859302520752
0.020975351333618164
0.0276033878326416
0.024297475814819336
0.04271745681762695
0.029232025146484375
0.03584766387939453
0.03560304641723633
0.06809616088867188
0.009034395217895508
0.026927471160888672
0.021421432495117188
0.02452850341796875
0.012631893157958984
0.06067156791687012
0.0201413631439209
0.03649473190307617
0.011334657669067383
0.020436525344848633
0.013696670532226562
0.02897047996520996
0.010149955749511719
0.029378175735473633
0.020905017852783203
0.019852638244628906
0.03819155693054199
0.026222705841064453
0.027976274490356445
0.026397228240966797
0.020101070404052734
0.03712201118469238
0.05267024040222168
0.028521299362182617
0.03653693199157715
0.010826826095581055
0.02830791473388672
0.034693002700805664
0.060892581939697266
0.031127452850341797
0.037104129791259766
0.029047012329101562
0.02255392074584961
0.025821685791015625
0.062330007553100586
0.03469991683959961
0.0413360595703125
0.00951242446899414
0.04795503616333008
0.07339024543762207
0.025778532028198242
0.011827230453491211
0.02004098892211914
0.04683828353881836
0.027943134307861328
0.04398655891418457
0.029053688049316406
0.028990507125854492
0.04275035858154297
0.0331423282623291
0.02664470672607422
0.029096603393554688
0.028451919555664062
0.0673980712890625
0.03996396064758301
0.007960081100463867
0.028929948806762695
0.028057336807250977
0.049130916595458984
0.010785579681396484
0.011725902557373047
0.03311467170715332
0.008064031600952148
0.009958744049072266
0.05187869071960449
0.008993387222290039
0.02824878692626953
0.012093067169189453
0.02993011474609375
0.07480478286743164
0.028132200241088867
0.02582383155822754
0.0197446346282959
0.010123014450073242
0.0354921817779541
0.03331494331359863
0.06710243225097656
0.04274439811706543
0.029117822647094727
0.011075735092163086
0.030988693237304688
0.06761717796325684
0.03342604637145996
0.0436403751373291
0.021780014038085938
0.03279900550842285
0.05194878578186035
0.02429509162902832
0.03167915344238281
0.012993812561035156
0.04719114303588867
0.03610420227050781
0.0605161190032959
0.0362093448638916
0.03187918663024902
0.009764432907104492
0.0260009765625
0.011820316314697266
0.07808184623718262
0.02719593048095703
0.009561777114868164
0.011481046676635742
0.012494564056396484
0.02821040153503418
0.021709442138671875
0.038675546646118164
0.009998559951782227
0.03612637519836426
0.06757116317749023
0.007997751235961914
0.04042387008666992
0.0217893123626709
0.0419001579284668
0.08797097206115723
0.031014204025268555
0.02181553840637207
0.014430999755859375
0.033556461334228516
0.03890252113342285
0.019819974899291992
0.09205055236816406
0.043091535568237305
0.024872541427612305
0.04382824897766113
0.030882596969604492
0.05410361289978027
0.04177594184875488
0.02849435806274414
0.024613618850708008
0.027121543884277344
0.09777140617370605
0.029102087020874023
0.012154579162597656
0.02167487144470215
0.008896112442016602
0.04935455322265625
0.01120758056640625
0.02326488494873047
0.06683230400085449
0.00989842414855957
0.027990102767944336
0.0210113525390625
0.03463029861450195
0.02940535545349121
0.05309486389160156
0.0398869514465332
0.05170607566833496
0.011874914169311523
0.04317283630371094
0.009659290313720703
0.06984281539916992
0.02925848960876465
0.04351973533630371
0.019532442092895508
0.03369474411010742
0.09789133071899414
0.010265827178955078
0.032131195068359375
0.010337114334106445
0.031213998794555664
0.10293364524841309
0.02490377426147461
0.1277766227722168
0.05028223991394043
0.04185819625854492
0.025084733963012695
0.011687517166137695
0.06307864189147949
0.03427767753601074
0.0256955623626709
0.038064002990722656
0.024811983108520508
0.022881031036376953
0.008872270584106445
0.009090423583984375
0.03213977813720703
0.018265485763549805
0.03632712364196777
0.028992176055908203
0.013369321823120117
0.02997612953186035
0.03904151916503906
0.03803062438964844
0.019725322723388672
0.030257463455200195
0.0997321605682373
0.034929752349853516
0.014973163604736328
0.029323816299438477
0.10889101028442383
0.03188180923461914
0.012427091598510742
0.02887439727783203
0.03819894790649414
0.03389787673950195
0.06616568565368652
0.03040146827697754
0.0630192756652832
0.03306889533996582
0.04191899299621582
0.012389898300170898
0.031116008758544922
0.09881305694580078
0.03547477722167969
0.008872032165527344
0.010088920593261719
0.030024051666259766
0.07791876792907715
0.008084774017333984
0.0373988151550293
0.013649702072143555
0.012980222702026367
0.009772062301635742
0.009937286376953125
0.02529454231262207
0.009253978729248047
0.007922887802124023
0.00950765609741211
0.026676416397094727
0.021601438522338867
0.03925156593322754
0.010417699813842773
0.010859966278076172
0.01172018051147461
0.035140275955200195
0.039101362228393555
0.013824701309204102
0.010888338088989258
0.03126096725463867
0.03281998634338379
0.010994911193847656
0.039580583572387695
0.009951353073120117
0.02727198600769043
0.03672289848327637
0.007274150848388672
0.026921749114990234
0.021521568298339844
0.024693012237548828
0.011098623275756836
0.03191828727722168
0.020917654037475586
0.008422136306762695
0.020244598388671875
0.02004384994506836
0.01914191246032715
0.019096851348876953
0.006763935089111328
0.007105588912963867
0.021935462951660156
0.012990236282348633
0.0268707275390625
0.007390260696411133
0.01087045669555664
0.02733302116394043
0.00927281379699707
0.01982259750366211
0.01102590560913086
0.010035037994384766
0.04371047019958496
0.010700702667236328
0.00913691520690918
0.010916471481323242
0.02092289924621582
0.02641606330871582
0.023561954498291016
0.021741867065429688
0.029483556747436523
0.021967172622680664
0.01175546646118164
0.01969456672668457
0.02897500991821289
0.030662059783935547
0.028200387954711914
0.03778839111328125
0.010164976119995117
0.027291059494018555
0.07670783996582031
0.03766012191772461
0.008935928344726562
0.028530359268188477
0.046918392181396484
0.05681133270263672
0.03353691101074219
0.020025253295898438
0.03202104568481445
0.025120258331298828
0.028771638870239258
0.09514451026916504
0.049921274185180664
0.008826971054077148
0.030008554458618164
0.03193974494934082
0.08195018768310547
0.033728837966918945
0.03976321220397949
0.009107589721679688
0.04185342788696289
