0.009985923767089844
0.09180378913879395
0.02417159080505371
0.02082347869873047
0.0521695613861084
0.011674165725708008
0.03522086143493652
0.013115406036376953
0.04075956344604492
0.03307056427001953
0.03464508056640625
0.007883310317993164
0.06819987297058105
0.020918846130371094
0.027273178100585938
0.02059006690979004
0.06415581703186035
0.032715559005737305
0.030526399612426758
0.021301746368408203
0.028034448623657227
0.044123172760009766
0.03000950813293457
0.044049739837646484
0.013916969299316406
0.009724855422973633
0.08317065238952637
0.01749730110168457
0.04567241668701172
0.009848833084106445
0.03120136260986328
0.032045602798461914
0.05247688293457031
0.021045923233032227
0.026202678680419922
0.0331568717956543
0.05355334281921387
0.030843496322631836
0.009143829345703125
0.008897781372070312
0.04316067695617676
0.01983356475830078
0.008705377578735352
0.0634915828704834
0.014355659484863281
0.00971221923828125
0.05205059051513672
0.010966062545776367
0.008070230484008789
0.031144380569458008
0.022876262664794922
0.010706424713134766
0.0372014045715332
0.0220334529876709
0.013264656066894531
0.02628469467163086
0.009862422943115234
0.031229734420776367
0.011728525161743164
0.02907419204711914
0.008514642715454102
0.02009892463684082
0.03196382522583008
0.009288549423217773
0.011813640594482422
0.00797724723815918
0.009103775024414062
0.029267549514770508
0.008933067321777344
0.027243375778198242
0.019446134567260742
0.03050541877746582
0.009644269943237305
0.011095046997070312
0.05291414260864258
0.01922464370727539
0.007923364639282227
0.011095762252807617
0.007303953170776367
0.011656045913696289
0.04239463806152344
0.014295101165771484
0.033560752868652344
0.009867191314697266
0.04921388626098633
0.010961532592773438
0.04484248161315918
0.018126726150512695
0.030759334564208984
0.06406450271606445
0.0309903621673584
0.009900331497192383
0.010022163391113281
0.1021420955657959
0.013767719268798828
0.03277015686035156
0.033861398696899414
0.04759025573730469
0.04515814781188965
0.04146385192871094
0.012378692626953125
0.04495406150817871
0.06444120407104492
0.02919602394104004
0.02730703353881836
0.04165768623352051
0.020603656768798828
0.039572715759277344
0.0328826904296875
0.05577421188354492
0.030634403228759766
0.04308032989501953
0.009887456893920898
0.0321044921875
0.05681180953979492
0.04125070571899414
0.03129720687866211
0.029731273651123047
0.07035040855407715
0.03016042709350586
0.04119229316711426
0.03339886665344238
0.06733036041259766
0.01010584831237793
0.030016422271728516
0.034630537033081055
0.011835575103759766
0.02387380599975586
0.07885479927062988
0.011220693588256836
0.01718282699584961
0.04519391059875488
0.0525965690612793
0.04104733467102051
0.023808002471923828
0.04527401924133301
0.04766678810119629
0.04987955093383789
0.01117086410522461
0.07567667961120605
0.018353939056396484
0.01985478401184082
0.0250241756439209
0.02890920639038086
0.011025190353393555
0.051025390625
0.020911216735839844
0.011867046356201172
0.008116006851196289
0.008083105087280273
0.03204989433288574
0.008995532989501953
0.03216075897216797
0.008382558822631836
0.010813474655151367
0.011777400970458984
0.02554154396057129
0.02034592628479004
0.02081775665283203
0.027260780334472656
0.01918196678161621
0.00797271728515625
0.0070171356201171875
0.011903047561645508
0.0395045280456543
0.03414154052734375
0.008681058883666992
0.04727292060852051
0.03487038612365723
0.014955520629882812
0.032257795333862305
0.056456565856933594
0.007155418395996094
0.012819290161132812
0.059795379638671875
0.033071041107177734
0.032080888748168945
0.0408937931060791
0.03411054611206055
0.06950998306274414
0.031176090240478516
0.04978179931640625
0.010038375854492188
0.10596513748168945
0.031928062438964844
0.024848222732543945
0.009356498718261719
0.03993415832519531
0.10471773147583008
0.031829118728637695
0.029170513153076172
0.03049015998840332
0.04513049125671387
0.04163813591003418
0.08489084243774414
0.033058881759643555
0.06800484657287598
0.04999804496765137
0.021129369735717773
0.06561613082885742
0.04015755653381348
0.08084988594055176
0.04388070106506348
0.050014495849609375
0.04188799858093262
0.029981136322021484
0.04197072982788086
0.04452157020568848
0.009351015090942383
0.06337690353393555
0.00910639762878418
0.010883331298828125
0.04723620414733887
0.03375077247619629
0.02184605598449707
0.03020334243774414
0.03397512435913086
0.028046607971191406
0.010431051254272461
0.09608840942382812
0.03340625762939453
0.029450178146362305
0.026196002960205078
0.11498403549194336
0.007824182510375977
0.04317760467529297
0.013231992721557617
0.04341530799865723
0.09989452362060547
0.04033946990966797
0.027767658233642578
0.03285336494445801
0.12314891815185547
0.04225897789001465
0.015285015106201172
0.021332979202270508
0.042949676513671875
0.06884622573852539
0.029166698455810547
0.05322623252868652
0.04173088073730469
0.050820350646972656
0.0069522857666015625
0.08986449241638184
0.00806879997253418
0.05813717842102051
0.040094852447509766
0.04176783561706543
0.0280759334564209
0.031121015548706055
0.03252387046813965
0.08782696723937988
0.028258323669433594
0.03203296661376953
0.033847808837890625
0.07513022422790527
0.008565664291381836
0.029872417449951172
0.014644861221313477
0.010540246963500977
0.07672977447509766
0.009322166442871094
0.021865129470825195
0.00901174545288086
0.010108470916748047
0.027223587036132812
0.008877038955688477
0.00919342041015625
0.007018089294433594
0.009719371795654297
0.011423349380493164
0.011808156967163086
0.0060083866119384766
0.008253335952758789
0.01086878776550293
0.02831244468688965
0.01094508171081543
0.01938652992248535
0.010042428970336914
0.041880130767822266
0.01991868019104004
0.03022003173828125
0.012150764465332031
0.04294395446777344
0.012749195098876953
0.020914077758789062
0.020880699157714844
0.012898445129394531
0.011771678924560547
0.05714249610900879
0.02009868621826172
0.031812191009521484
0.0423588752746582
0.010615110397338867
0.03908967971801758
0.021798133850097656
0.028095245361328125
0.008810043334960938
0.04493403434753418
0.013817071914672852
0.07605791091918945
0.019074440002441406
0.009800195693969727
0.009989738464355469
0.055899858474731445
0.018950700759887695
0.009429931640625
0.04664301872253418
0.03863120079040527
0.019960403442382812
0.028138160705566406
0.019044876098632812
0.03006434440612793
0.02900862693786621
0.04292750358581543
0.00890970230102539
0.04506707191467285
0.03882145881652832
0.011852502822875977
0.05792546272277832
0.04212355613708496
0.021046876907348633
0.039818525314331055
0.06482934951782227
0.04215288162231445
0.007829904556274414
0.038147926330566406
0.03088235855102539
0.03887581825256348
0.06491827964782715
0.007769584655761719
0.08320212364196777
0.020965576171875
0.06915903091430664
0.010617494583129883
0.03716158866882324
0.049468278884887695
0.048081159591674805
0.08173418045043945
0.04520916938781738
0.05398106575012207
0.04563641548156738
0.04807114601135254
0.05299997329711914
0.03194570541381836
0.03993964195251465
0.030945777893066406
0.0353550910949707
0.09552359580993652
0.034121036529541016
0.011974334716796875
0.007767677307128906
0.10886096954345703
0.009981155395507812
0.010901927947998047
0.044072866439819336
0.06718802452087402
0.02108454704284668
0.04403948783874512
0.03899073600769043
0.019912242889404297
0.051219940185546875
0.021479129791259766
0.03228306770324707
0.01076507568359375
0.035360097885131836
0.0725405216217041
0.053316354751586914
0.013783454895019531
0.009645700454711914
0.008028984069824219
0.11222290992736816
0.009081125259399414
0.01099252700805664
0.1068427562713623
0.018103361129760742
0.011992692947387695
0.09981107711791992
0.030301332473754883
0.012229681015014648
0.041483402252197266
0.011931896209716797
0.08730101585388184
0.034821510314941406
0.010080814361572266
0.07691216468811035
0.041964054107666016
0.019993305206298828
0.009805917739868164
0.08789181709289551
0.019789934158325195
0.06521916389465332
0.02078843116760254
0.019886493682861328
0.019993305206298828
0.021158456802368164
0.03977155685424805
0.01979684829711914
0.007385730743408203
0.046845197677612305
0.021738767623901367
0.021128177642822266
0.027638912200927734
0.007234811782836914
0.008937835693359375
0.04296565055847168
0.011297464370727539
0.009561777114868164
0.054082393646240234
0.019736528396606445
0.03109574317932129
0.031112194061279297
0.020731210708618164
0.03215527534484863
0.05583810806274414
0.03626608848571777
0.029777050018310547
0.01182866096496582
0.08008646965026855
0.03287816047668457
0.010128498077392578
0.03253364562988281
0.10333943367004395
0.007006406784057617
0.010762214660644531
0.03533291816711426
0.03604626655578613
0.011497974395751953
0.06026315689086914
0.0196073055267334
0.05406475067138672
0.02823638916015625
0.0586702823638916
0.00892186164855957
0.08104515075683594
0.03318381309509277
0.017618417739868164
0.035205841064453125
0.035039663314819336
0.061762094497680664
0.029725313186645508
0.03208184242248535
0.03573918342590332
0.00903940200805664
0.08927154541015625
0.030620574951171875
0.010804414749145508
0.03026723861694336
0.09150576591491699
0.040313720703125
0.01088404655456543
0.03429770469665527
0.040955305099487305
0.06044626235961914
0.030931711196899414
0.033948421478271484
0.02789473533630371
0.03209209442138672
0.06290054321289062
0.019775390625
0.04326891899108887
0.010905265808105469
0.007808685302734375
0.05060696601867676
0.012264490127563477
0.045215606689453125
0.020282745361328125
0.025447607040405273
0.008680582046508789
0.03036808967590332
0.010748863220214844
0.00704503059387207
0.04009127616882324
0.006982564926147461
0.007323503494262695
0.021617650985717773
0.007656574249267578
0.049074411392211914
0.02785944938659668
0.007162570953369141
0.009783029556274414
0.033219099044799805
0.010434150695800781
0.020494461059570312
0.039388179779052734
0.012568950653076172
0.019213438034057617
0.038970947265625
0.007873773574829102
0.01884007453918457
0.009108543395996094
0.04790830612182617
0.02710413932800293
0.019878864288330078
0.05433940887451172
0.032169342041015625
0.018524646759033203
0.037831783294677734
0.05627584457397461
0.020267724990844727
0.05435013771057129
0.009632587432861328
0.011016607284545898
0.05815410614013672
0.03131532669067383
0.022756099700927734
0.05120038986206055
0.048948049545288086
0.02870917320251465
0.06173110008239746
0.009363651275634766
0.029587268829345703
0.03924369812011719
0.0347442626953125
0.06349825859069824
0.01076054573059082
0.008188724517822266
0.02097463607788086
0.056940317153930664
0.01148366928100586
0.007761955261230469
0.010977029800415039
0.044168949127197266
0.030737876892089844
0.010959148406982422
0.03837108612060547
0.009740829467773438
0.008020639419555664
0.0582582950592041
0.01036214828491211
0.008192777633666992
0.012143373489379883
0.05351591110229492
0.03309321403503418
0.023761272430419922
0.021121740341186523
0.035355329513549805
0.04967546463012695
0.008762598037719727
0.03095722198486328
0.029393672943115234
0.03348588943481445
0.05798482894897461
0.04302668571472168
0.023089885711669922
0.020457744598388672
0.08079743385314941
0.03246164321899414
0.030174732208251953
0.03188490867614746
0.009957313537597656
0.07894635200500488
0.040703535079956055
0.018162250518798828
0.046004295349121094
0.07781720161437988
0.029370784759521484
0.027843952178955078
0.011616706848144531
0.045218467712402344
0.06627964973449707
0.03081989288330078
0.04830193519592285
0.04322171211242676
0.040004730224609375
0.022978782653808594
0.02178049087524414
0.03411221504211426
0.05489063262939453
0.01884627342224121
0.04660511016845703
0.04050612449645996
0.028850555419921875
0.007885932922363281
0.07224726676940918
0.030942440032958984
0.01945185661315918
0.04035592079162598
0.051795005798339844
0.017902135848999023
0.02028965950012207
0.02111506462097168
0.010799884796142578
0.022073745727539062
0.02078866958618164
0.00726628303527832
0.03614616394042969
0.029078960418701172
0.019846200942993164
0.03235816955566406
0.01931309700012207
0.021810293197631836
0.026156902313232422
0.011818408966064453
0.007741212844848633
0.012103796005249023
0.07177400588989258
0.01748514175415039
0.03976273536682129
0.04085421562194824
0.03485679626464844
0.02106451988220215
0.04101157188415527
0.0410308837890625
0.009816646575927734
0.05794119834899902
0.022197246551513672
0.030014991760253906
0.03600478172302246
0.03489089012145996
0.00954294204711914
0.049254655838012695
0.0429842472076416
0.012472152709960938
0.007314205169677734
0.021045207977294922
0.06861042976379395
0.029350757598876953
0.0186920166015625
0.029967784881591797
0.07078218460083008
0.008088827133178711
0.021108627319335938
0.01900625228881836
0.032990217208862305
0.06233096122741699
0.030863523483276367
0.013719797134399414
0.00699925422668457
0.0849614143371582
0.010026216506958008
0.032164573669433594
0.012632369995117188
0.033257246017456055
0.031813859939575195
0.0339512825012207
0.012993574142456055
0.033308982849121094
0.037575483322143555
0.04311871528625488
0.022771120071411133
0.050394296646118164
0.00966644287109375
0.03425860404968262
0.02137589454650879
0.06609272956848145
0.018671274185180664
0.028441429138183594
0.029857158660888672
0.0086822509765625
0.0575709342956543
0.03372812271118164
0.013693094253540039
0.03238987922668457
0.02086472511291504
0.05565166473388672
0.020979642868041992
0.02895498275756836
0.010851621627807617
0.03301739692687988
0.025989532470703125
0.04593086242675781
0.02705240249633789
0.0328679084777832
0.04716181755065918
0.010815858840942383
0.042005300521850586
0.021639585494995117
0.027504920959472656
0.03452920913696289
0.026252031326293945
0.023529529571533203
0.047815799713134766
0.010231494903564453
0.03051280975341797
0.011070966720581055
0.04988670349121094
0.027057886123657227
0.02048015594482422
0.051024436950683594
0.011200428009033203
0.031864166259765625
0.02762627601623535
0.0220487117767334
0.020787477493286133
0.025433778762817383
0.008373737335205078
0.06130385398864746
0.027879714965820312
0.008055925369262695
0.05623769760131836
0.010718822479248047
0.023308753967285156
0.009442567825317383
0.010181427001953125
0.06491756439208984
0.011138677597045898
0.008736848831176758
0.05695748329162598
0.018995046615600586
0.02188706398010254
0.019991159439086914
0.050276756286621094
0.028291702270507812
0.0220034122467041
0.03605341911315918
0.009897708892822266
0.009958505630493164
0.02293539047241211
0.02889418601989746
0.0302126407623291
0.008066415786743164
0.019125938415527344
0.04320645332336426
0.007905721664428711
0.010276317596435547
0.05197286605834961
0.012593269348144531
0.03048086166381836
0.03318142890930176
0.011287450790405273
0.027069568634033203
0.03312277793884277
0.02458500862121582
0.0410311222076416
0.013843774795532227
0.008803367614746094
0.020978450775146484
0.04407215118408203
0.042978525161743164
0.008578777313232422
0.010996103286743164
0.04116392135620117
0.030063867568969727
0.021765708923339844
0.03196406364440918
0.01621866226196289
0.03277778625488281
0.03987836837768555
0.010646581649780273
0.03222179412841797
0.010821819305419922
0.010943889617919922
0.07698607444763184
0.023314952850341797
0.032233476638793945
0.04157447814941406
0.02072310447692871
0.03230738639831543
0.04469442367553711
0.04298901557922363
0.03022003173828125
0.03300118446350098
0.047608137130737305
0.0350651741027832
0.012943029403686523
0.049016714096069336
0.03664684295654297
0.06075406074523926
0.03900909423828125
0.05472230911254883
0.0511016845703125
0.03993630409240723
0.02710890769958496
0.04085183143615723
0.1290440559387207
0.03383636474609375
0.048671722412109375
0.011514425277709961
0.03988170623779297
0.13406729698181152
0.022203683853149414
0.019892215728759766
0.0282135009765625
0.06485629081726074
0.019018173217773438
0.019066333770751953
0.04001045227050781
0.05011701583862305
0.03999805450439453
0.02183985710144043
0.04414057731628418
0.11807465553283691
0.009596109390258789
0.04100298881530762
0.033013343811035156
0.042725563049316406
0.12699198722839355
0.038244009017944336
0.046990394592285156
0.020499467849731445
0.03689837455749512
0.12503314018249512
0.04501152038574219
0.05303788185119629
0.04716968536376953
0.01079559326171875
0.04210710525512695
0.11385059356689453
0.04989504814147949
0.032146453857421875
0.042676448822021484
0.06978058815002441
0.009300947189331055
0.04125547409057617
0.09281063079833984
0.018836259841918945
0.03800773620605469
0.08218193054199219
0.04482889175415039
0.04504537582397461
0.04959702491760254
0.0430452823638916
0.1601393222808838
0.04677939414978027
0.047956228256225586
0.010080575942993164
0.04665255546569824
0.16727566719055176
0.040958404541015625
0.07274794578552246
0.00937795639038086
0.02954244613647461
0.10754656791687012
0.020621538162231445
0.04006385803222656
0.08090829849243164
0.020678043365478516
0.08725833892822266
0.021825075149536133
0.11821722984313965
0.05466866493225098
0.06894540786743164
0.019144058227539062
0.04705548286437988
0.06218147277832031
0.17081356048583984
0.009621858596801758
0.05427432060241699
0.021687746047973633
0.04505729675292969
0.1967926025390625
0.04070639610290527
0.012372255325317383
0.05086374282836914
0.15123891830444336
0.00882411003112793
0.05115008354187012
0.03503060340881348
0.0380406379699707
0.04760384559631348
0.12119555473327637
0.021917104721069336
0.0731818675994873
0.02658700942993164
0.050041913986206055
0.17258381843566895
0.04621601104736328
0.041341543197631836
0.06186938285827637
0.05366849899291992
0.12333965301513672
0.04590892791748047
0.04563784599304199
0.08542418479919434
0.04280424118041992
0.07285928726196289
0.008502006530761719
0.051097869873046875
0.041967153549194336
0.06511092185974121
0.046773433685302734
0.12820172309875488
0.0497281551361084
0.10419559478759766
0.06780600547790527
0.059906005859375
0.054782867431640625
0.051125288009643555
0.05009293556213379
0.20247602462768555
0.05522441864013672
0.018859386444091797
0.009935617446899414
0.19110465049743652
0.02102041244506836
0.019660234451293945
0.040711164474487305
0.01032710075378418
0.04707503318786621
0.011904716491699219
0.1908576488494873
0.051279544830322266
0.036933183670043945
0.009574651718139648
0.05424022674560547
0.20088648796081543
0.05500173568725586
0.05578947067260742
0.00806879997253418
0.254213809967041
0.047061920166015625
0.0200040340423584
0.04030919075012207
0.04076957702636719
0.08280277252197266
0.048291683197021484
0.02474522590637207
0.04714226722717285
0.008670330047607422
0.14603686332702637
0.05223584175109863
0.06560945510864258
0.061004638671875
0.15393662452697754
0.0659949779510498
0.05687451362609863
0.037049293518066406
0.05688738822937012
0.04947805404663086
0.20730996131896973
0.03283429145812988
0.00898885726928711
0.009188413619995117
0.06890988349914551
0.009927511215209961
0.06682276725769043
0.010456085205078125
0.047151803970336914
0.04066824913024902
0.07397961616516113
0.05124497413635254
0.046906471252441406
0.11677980422973633
0.011198997497558594
0.06196331977844238
0.08862900733947754
0.0198824405670166
0.1920921802520752
0.06605339050292969
0.05577373504638672
0.008204221725463867
0.2438054084777832
0.019186735153198242
0.04392528533935547
0.12606287002563477
0.019710063934326172
0.06006932258605957
0.15185904502868652
0.052108049392700195
0.06269550323486328
0.00717473030090332
0.06688594818115234
0.14892339706420898
0.05516862869262695
0.09169340133666992
0.058999061584472656
0.15700507164001465
0.045534610748291016
0.0523991584777832
0.03508496284484863
0.03917551040649414
0.1258714199066162
0.010839223861694336
0.011888742446899414
0.11997008323669434
0.058039188385009766
0.022441625595092773
0.06263446807861328
0.19309091567993164
0.06599140167236328
0.06801986694335938
0.03278660774230957
0.056704044342041016
0.010091304779052734
0.2059800624847412
0.05779695510864258
0.022927284240722656
0.011957406997680664
0.17226195335388184
0.007467746734619141
0.013762235641479492
0.08179736137390137
0.008302927017211914
0.04790782928466797
0.06754040718078613
0.010833024978637695
0.04629349708557129
0.1286482810974121
0.05111551284790039
0.08698701858520508
0.06382870674133301
0.1230921745300293
0.019934892654418945
0.14002728462219238
0.04908180236816406
0.05182933807373047
0.045014142990112305
0.05275559425354004
0.011240482330322266
0.1748659610748291
0.010275840759277344
0.019800901412963867
0.04312705993652344
0.02915811538696289
0.036957740783691406
0.08067965507507324
0.007767200469970703
0.141204833984375
0.05290484428405762
0.05086207389831543
0.039826154708862305
0.011066436767578125
0.05496621131896973
0.2308957576751709
0.052747488021850586
0.014994144439697266
0.05283832550048828
0.008948326110839844
