0.029315948486328125
0.022954225540161133
0.02287435531616211
0.0350193977355957
0.009530305862426758
0.019238948822021484
0.04788780212402344
0.00791478157043457
0.028101444244384766
0.03390860557556152
0.026281118392944336
0.025443553924560547
0.027219772338867188
0.021821022033691406
0.03931999206542969
0.012584447860717773
0.02716803550720215
0.042708635330200195
0.026455402374267578
0.021546363830566406
0.028818368911743164
0.027053356170654297
0.03212165832519531
0.0254976749420166
0.02704906463623047
0.023978471755981445
0.04637265205383301
0.02566814422607422
0.019644737243652344
0.03626418113708496
0.031377553939819336
0.025910377502441406
0.03676891326904297
0.021807432174682617
0.008970499038696289
0.02918553352355957
0.06364059448242188
0.020029783248901367
0.019455909729003906
0.024386882781982422
0.021044015884399414
0.038985490798950195
0.03199481964111328
0.029012441635131836
0.01100611686706543
0.025972604751586914
0.03289341926574707
0.010135173797607422
0.021881580352783203
0.019294261932373047
0.021645545959472656
0.02514052391052246
0.020659923553466797
0.024091243743896484
0.021834850311279297
0.032132625579833984
0.022745132446289062
0.011209964752197266
0.02365255355834961
0.00995016098022461
0.02515244483947754
0.022985458374023438
0.011734962463378906
0.012189149856567383
0.019933462142944336
0.012847900390625
0.022330760955810547
0.033559322357177734
0.019503116607666016
0.022489070892333984
0.02591419219970703
0.04098105430603027
0.0399165153503418
0.010942459106445312
0.008769035339355469
0.03183436393737793
0.009012222290039062
0.009938716888427734
0.04322338104248047
0.022336483001708984
0.011807918548583984
0.02022099494934082
0.019308090209960938
0.02283620834350586
0.0207822322845459
0.024228572845458984
0.030086040496826172
0.010392427444458008
0.032440185546875
0.03101205825805664
0.0197145938873291
0.020052671432495117
0.023102521896362305
0.030901193618774414
0.0248720645904541
0.03322315216064453
0.012137889862060547
0.02429652214050293
0.025308609008789062
0.021555185317993164
0.021204471588134766
0.02302408218383789
0.01218414306640625
0.02979874610900879
0.021705150604248047
0.013787984848022461
0.026241302490234375
0.02162337303161621
0.020061969757080078
0.01648116111755371
0.020403623580932617
0.03610348701477051
0.020461082458496094
0.020049571990966797
0.023862600326538086
0.025973796844482422
0.02083420753479004
0.034235477447509766
0.01050710678100586
0.020176172256469727
0.02143120765686035
0.011620283126831055
0.0201566219329834
0.014454364776611328
0.009847879409790039
0.011737823486328125
0.022260189056396484
0.010873556137084961
0.013290643692016602
0.0217587947845459
0.021871328353881836
0.022985219955444336
0.023862600326538086
0.020451784133911133
0.011315345764160156
0.022221803665161133
0.026041030883789062
0.010706901550292969
0.03496527671813965
0.0351099967956543
0.03902029991149902
0.010075092315673828
0.02657794952392578
0.03207254409790039
0.030809640884399414
0.03325033187866211
0.02551722526550293
0.01925826072692871
0.025238513946533203
0.03181004524230957
0.020716190338134766
0.022005796432495117
0.008797168731689453
0.009912252426147461
0.05503273010253906
0.018039226531982422
0.009902238845825195
0.007330417633056641
0.03497624397277832
0.029936552047729492
0.0287783145904541
0.023221969604492188
0.021793842315673828
0.019994497299194336
0.022025346755981445
0.01083827018737793
0.13122987747192383
0.02820611000061035
0.008901596069335938
0.009725093841552734
0.00812983512878418
0.007356166839599609
0.016289949417114258
0.009916067123413086
0.012316703796386719
0.013125181198120117
0.012656450271606445
0.023000240325927734
0.010203123092651367
0.023620128631591797
0.02211594581604004
0.021762847900390625
0.023116350173950195
0.033960819244384766
0.0251462459564209
0.024791479110717773
0.010977506637573242
0.03503060340881348
0.022784948348999023
0.019067049026489258
0.026038408279418945
0.011075019836425781
0.013635873794555664
0.03213953971862793
0.021657943725585938
0.023055076599121094
0.019951820373535156
0.02881646156311035
0.022228479385375977
0.009920120239257812
0.019841670989990234
0.010991573333740234
0.008174657821655273
0.010233402252197266
0.023941993713378906
0.011845588684082031
0.010719537734985352
0.03232622146606445
0.011726617813110352
0.021152973175048828
0.014675140380859375
0.02397012710571289
0.023090124130249023
0.02373361587524414
0.02203226089477539
0.03845691680908203
0.0336461067199707
0.020673036575317383
0.03671741485595703
0.032564640045166016
0.024385452270507812
0.03687024116516113
0.01912236213684082
0.03228139877319336
0.02703237533569336
0.02543187141418457
0.04160594940185547
0.024950027465820312
0.025066375732421875
0.034712791442871094
0.038057804107666016
0.022681713104248047
0.026722431182861328
0.019406557083129883
0.032758235931396484
0.036615610122680664
0.03235960006713867
0.037454843521118164
0.02396702766418457
0.009449958801269531
0.023220539093017578
0.021908044815063477
0.0309445858001709
0.03189969062805176
0.010766983032226562
0.02098226547241211
0.010155677795410156
0.011425495147705078
0.011191844940185547
0.023202896118164062
0.009804248809814453
0.02185678482055664
0.010901451110839844
0.0323328971862793
0.023550033569335938
0.010650634765625
0.025280475616455078
0.03743720054626465
0.03826189041137695
0.020371675491333008
0.030138492584228516
0.03235650062561035
0.05490851402282715
0.03863716125488281
0.02818441390991211
0.012356281280517578
0.02542281150817871
0.029711246490478516
0.06363797187805176
0.025148868560791016
0.025383472442626953
0.020860671997070312
0.023657798767089844
0.0251767635345459
0.02286839485168457
0.04088616371154785
0.010787010192871094
0.023943185806274414
0.03727293014526367
0.03376412391662598
0.01445913314819336
0.020528554916381836
0.022587299346923828
0.024684429168701172
0.026686429977416992
0.011330842971801758
0.025186777114868164
0.031287193298339844
0.02133345603942871
0.012113571166992188
0.01978611946105957
0.009765625
0.009444952011108398
0.022667884826660156
0.010889768600463867
0.020218610763549805
0.021540164947509766
0.02190542221069336
0.03014397621154785
0.012846708297729492
0.01014256477355957
0.03889060020446777
0.027122974395751953
0.03375840187072754
0.009715795516967773
0.02414560317993164
0.037841081619262695
0.03617501258850098
0.008528709411621094
0.027263641357421875
0.05599808692932129
0.011737346649169922
0.036123037338256836
0.0350189208984375
0.040872812271118164
0.027811050415039062
0.0318145751953125
0.0239107608795166
0.007898807525634766
0.030332088470458984
0.08756589889526367
0.014379739761352539
0.043837785720825195
0.021816015243530273
0.012100696563720703
0.018230438232421875
0.05685067176818848
0.021281957626342773
0.028421401977539062
0.03748893737792969
0.0381314754486084
0.019536495208740234
0.044205665588378906
0.029804229736328125
0.04092597961425781
0.04100608825683594
0.02907109260559082
0.022765398025512695
0.0659787654876709
0.042058467864990234
0.042829036712646484
0.025229454040527344
0.04210305213928223
0.020421266555786133
0.08391475677490234
0.03732156753540039
0.028873682022094727
0.008766651153564453
0.008991241455078125
0.023795366287231445
0.019181013107299805
0.012964487075805664
0.009125947952270508
0.02784895896911621
0.07700777053833008
0.0077707767486572266
0.03211355209350586
0.04206585884094238
0.04587817192077637
0.03278779983520508
0.04869651794433594
0.034223079681396484
0.03201103210449219
0.021773815155029297
0.05411720275878906
0.024190187454223633
0.01955413818359375
0.026018857955932617
0.04550290107727051
0.0164949893951416
0.014868021011352539
0.025274991989135742
0.03536486625671387
0.017899751663208008
0.03551363945007324
0.03888845443725586
0.05007529258728027
0.039606332778930664
0.010651350021362305
0.07088637351989746
0.010811090469360352
0.031086206436157227
0.03147125244140625
0.04845142364501953
0.008123397827148438
0.03515934944152832
0.0748143196105957
0.028773784637451172
0.03197360038757324
0.013317108154296875
0.024555206298828125
0.025049209594726562
0.05607318878173828
0.021292686462402344
0.012059211730957031
0.008159637451171875
0.040097713470458984
0.06695270538330078
0.03269219398498535
0.0301971435546875
0.025852441787719727
0.03398537635803223
0.02970099449157715
0.09334897994995117
0.01163792610168457
0.008912086486816406
0.06386446952819824
0.03394937515258789
0.03211832046508789
0.04617762565612793
0.020647048950195312
0.02517390251159668
0.024591445922851562
0.02532958984375
0.009717941284179688
0.020197153091430664
0.020843029022216797
0.010767221450805664
0.038214921951293945
0.052637338638305664
0.028038501739501953
0.00788426399230957
0.06724691390991211
0.05305624008178711
0.020582914352416992
0.028118610382080078
0.010912179946899414
0.03203940391540527
0.03689718246459961
0.08707618713378906
0.010773420333862305
0.04100370407104492
0.029800891876220703
0.012377262115478516
0.022446870803833008
0.09406566619873047
0.023183107376098633
0.008225440979003906
0.038184404373168945
0.011205196380615234
0.030883073806762695
0.020828962326049805
0.010001659393310547
0.06797432899475098
0.010741233825683594
0.010063409805297852
0.07189726829528809
0.019406557083129883
0.011528253555297852
0.07141709327697754
0.03471708297729492
0.011758089065551758
0.06842446327209473
0.031694889068603516
0.03198981285095215
0.04177546501159668
0.02614116668701172
0.02661728858947754
0.009375810623168945
0.0357363224029541
0.05808138847351074
0.011008501052856445
0.041175127029418945
0.010529518127441406
0.04008221626281738
0.009034872055053711
0.039209604263305664
0.06298136711120605
0.047690391540527344
0.030101776123046875
0.033925533294677734
0.010000467300415039
0.028842687606811523
0.033445119857788086
0.09847450256347656
0.030202388763427734
0.012504100799560547
0.035295963287353516
0.026766538619995117
0.06739974021911621
0.021754741668701172
0.02673649787902832
0.00915837287902832
0.03536272048950195
0.013489723205566406
0.013086080551147461
0.010711193084716797
0.0273282527923584
0.02889275550842285
0.025965213775634766
0.019570112228393555
0.03812861442565918
0.05100131034851074
0.04011678695678711
0.03363204002380371
0.02701854705810547
0.0321197509765625
0.04308676719665527
0.06058526039123535
0.03502035140991211
0.03507828712463379
0.06279611587524414
0.03496527671813965
0.029082775115966797
0.0072710514068603516
0.049173593521118164
0.0226285457611084
0.011775016784667969
0.02701091766357422
0.010514020919799805
0.029321670532226562
0.010746240615844727
0.011895418167114258
0.02618265151977539
0.0659935474395752
0.01968860626220703
0.030924320220947266
0.029380083084106445
0.01963639259338379
0.034200429916381836
0.05217719078063965
0.01043248176574707
0.08498978614807129
0.03036022186279297
0.03272557258605957
0.020710229873657227
0.034401893615722656
0.031167268753051758
0.07915854454040527
0.028473854064941406
0.04096555709838867
0.01586437225341797
0.030817508697509766
0.0380101203918457
0.07085371017456055
0.02022552490234375
0.03479743003845215
0.021706819534301758
0.009230375289916992
0.02298259735107422
0.027827739715576172
0.02388763427734375
0.025350332260131836
0.0276491641998291
0.029848575592041016
0.03917431831359863
0.03992104530334473
0.03985452651977539
0.04176926612854004
0.040253400802612305
0.02894902229309082
0.04303741455078125
0.04080629348754883
0.022373437881469727
0.011531591415405273
0.035865068435668945
0.08423972129821777
0.009852170944213867
0.0417323112487793
0.02816319465637207
0.028099775314331055
0.02997136116027832
0.05575895309448242
0.025858402252197266
0.026089906692504883
0.027819156646728516
0.013071537017822266
0.03189349174499512
0.026055335998535156
0.038697242736816406
0.039252281188964844
0.026865482330322266
0.028174400329589844
0.01240849494934082
0.02532052993774414
0.07788968086242676
0.029605388641357422
0.03023362159729004
0.011949777603149414
0.04725217819213867
0.03285837173461914
0.033674001693725586
0.03501105308532715
0.029788732528686523
0.03900766372680664
0.03918290138244629
0.044779300689697266
0.02590155601501465
0.0311276912689209
0.04261302947998047
0.03489327430725098
0.01169276237487793
0.03946352005004883
0.03887367248535156
0.025925159454345703
0.03296160697937012
0.03891444206237793
0.026987314224243164
0.04673171043395996
0.030191421508789062
0.027815580368041992
0.029165267944335938
0.03429698944091797
0.011214494705200195
0.037259578704833984
0.05791282653808594
0.009750843048095703
0.027132272720336914
0.03801703453063965
0.03010702133178711
0.03390693664550781
0.03463625907897949
0.027151107788085938
0.039872169494628906
0.03608441352844238
0.030727863311767578
0.031928300857543945
0.020964622497558594
0.021001815795898438
0.021891355514526367
0.024091243743896484
0.012835025787353516
0.020192861557006836
0.011922359466552734
0.026000261306762695
0.021788597106933594
0.01899242401123047
0.01992940902709961
0.0388646125793457
0.009214639663696289
0.04211831092834473
0.022473812103271484
0.02751636505126953
0.01855182647705078
0.02802872657775879
0.026217222213745117
0.03253817558288574
0.02518916130065918
0.02891373634338379
0.02580738067626953
0.04801154136657715
0.024911880493164062
0.010807275772094727
0.022172212600708008
0.022942066192626953
0.031049489974975586
0.03615546226501465
0.009546756744384766
0.029076337814331055
0.01425480842590332
0.03210616111755371
0.030979394912719727
0.01930832862854004
0.031858205795288086
0.03201603889465332
0.021018266677856445
0.031321048736572266
0.03277754783630371
0.013770103454589844
0.011121034622192383
0.03319883346557617
0.023423194885253906
0.010091304779052734
0.020947933197021484
0.019181489944458008
0.019859790802001953
0.03413701057434082
0.01036214828491211
0.010894060134887695
0.021289825439453125
0.04202890396118164
0.033722877502441406
0.01909780502319336
0.019883155822753906
0.037432193756103516
0.030443668365478516
0.028246402740478516
0.024902820587158203
0.0218050479888916
0.011008501052856445
0.03821825981140137
0.01069331169128418
0.028126955032348633
0.03688931465148926
0.023638010025024414
0.04103517532348633
0.023134231567382812
0.025965452194213867
0.010760784149169922
0.01074528694152832
0.0235595703125
0.06880950927734375
0.01846933364868164
0.023756027221679688
0.011513710021972656
0.030953645706176758
0.009711027145385742
0.022110700607299805
0.02912306785583496
0.03803110122680664
0.02894759178161621
0.020195722579956055
0.04469180107116699
0.06772708892822266
0.02412247657775879
0.03966665267944336
0.019051074981689453
0.009820938110351562
0.024524211883544922
0.03415703773498535
0.05348467826843262
0.025044918060302734
0.02375507354736328
0.019261837005615234
0.02900838851928711
0.025867938995361328
0.029044389724731445
0.027477264404296875
0.03937578201293945
0.012761116027832031
0.021420955657958984
0.021426677703857422
0.019765377044677734
0.024735212326049805
0.02957010269165039
0.018678665161132812
0.021831035614013672
0.032576560974121094
0.009407520294189453
0.02335643768310547
0.022684335708618164
0.018973588943481445
0.02723836898803711
0.020272493362426758
0.014873266220092773
0.031262874603271484
0.0263824462890625
0.0210726261138916
0.0248415470123291
0.027193307876586914
0.04171609878540039
0.030880212783813477
0.02456951141357422
0.01968860626220703
0.012000322341918945
0.03694963455200195
0.04301643371582031
0.022692441940307617
0.024090290069580078
0.0190427303314209
0.010794639587402344
0.02128291130065918
0.043811798095703125
0.022029876708984375
0.013653993606567383
0.008363723754882812
0.022152423858642578
0.008967161178588867
0.018450498580932617
0.0212862491607666
0.020203351974487305
0.024023771286010742
0.008730411529541016
0.03554248809814453
0.020609617233276367
0.008038997650146484
0.00800180435180664
0.016129732131958008
0.007051944732666016
0.007272958755493164
0.02662968635559082
0.0219876766204834
0.007560014724731445
0.020437240600585938
0.00989985466003418
0.019947528839111328
0.016122102737426758
0.019692659378051758
0.020497560501098633
0.01105499267578125
0.020023107528686523
0.030352354049682617
0.01563405990600586
0.03438973426818848
0.022434473037719727
0.021887779235839844
0.0190732479095459
0.030997276306152344
0.021835803985595703
0.023482799530029297
0.037503957748413086
0.020762920379638672
0.009925365447998047
0.025265932083129883
0.04106450080871582
0.02572011947631836
0.1270890235900879
0.02135443687438965
0.020178556442260742
0.019074201583862305
0.0224609375
0.03197073936462402
0.02040410041809082
0.024717092514038086
0.022838354110717773
0.011929750442504883
0.01826333999633789
0.03218960762023926
0.022761106491088867
0.02313828468322754
0.015580177307128906
0.021015644073486328
0.021962404251098633
0.021460294723510742
0.012310266494750977
0.026093482971191406
0.023030519485473633
0.012316703796386719
0.02300429344177246
0.03343796730041504
0.02394247055053711
0.009927511215209961
0.03452563285827637
0.02341771125793457
0.012453556060791016
0.021803855895996094
0.020426034927368164
0.018354177474975586
0.011621236801147461
0.0319972038269043
0.01009368896484375
0.02386641502380371
0.03298020362854004
0.011991739273071289
0.021960020065307617
0.021953105926513672
0.020824670791625977
0.019874095916748047
0.12908029556274414
0.04988813400268555
0.010101556777954102
0.01916337013244629
0.020905256271362305
0.008131742477416992
0.025121688842773438
0.008530139923095703
0.009333610534667969
0.00807642936706543
0.011049509048461914
0.012911081314086914
0.011960506439208984
0.019966840744018555
0.020598888397216797
0.007772922515869141
0.02663397789001465
0.01952219009399414
0.010245561599731445
0.023604154586791992
0.0212094783782959
0.011651277542114258
0.02448415756225586
0.008026838302612305
0.009061098098754883
0.03419780731201172
0.014875173568725586
0.030590057373046875
0.02175116539001465
0.02163553237915039
0.022231340408325195
0.030948877334594727
0.01876354217529297
0.020895957946777344
0.011799812316894531
0.032260894775390625
0.022297382354736328
0.026803255081176758
0.020504474639892578
0.010131359100341797
0.010753154754638672
0.023247480392456055
0.038169145584106445
0.03355860710144043
0.021661758422851562
0.01174163818359375
0.020799636840820312
0.041216135025024414
0.012775659561157227
0.022964954376220703
0.020048856735229492
0.03186821937561035
0.01978158950805664
0.023432493209838867
0.027725934982299805
0.01968550682067871
0.02117466926574707
0.021101951599121094
0.00918722152709961
0.023830652236938477
0.04528689384460449
0.02503180503845215
0.021757125854492188
0.010728597640991211
0.018213272094726562
0.04107165336608887
0.02216053009033203
0.010436296463012695
0.021084070205688477
0.020434141159057617
0.032065629959106445
0.021730899810791016
0.026221752166748047
0.010682821273803711
0.007439851760864258
0.019417524337768555
0.02874755859375
0.008901357650756836
0.014879941940307617
0.021213054656982422
0.01200556755065918
0.00798940658569336
0.12089347839355469
0.04914212226867676
0.020883560180664062
0.014150381088256836
0.019912004470825195
0.00889277458190918
0.011884212493896484
0.02001953125
0.019854307174682617
0.023143291473388672
0.020893573760986328
0.019750118255615234
0.01947760581970215
0.0425417423248291
0.012185335159301758
0.0286099910736084
0.031039953231811523
0.02189159393310547
0.008769512176513672
0.031223535537719727
0.032176971435546875
0.022800683975219727
0.03296995162963867
0.010839223861694336
0.012129783630371094
0.020145654678344727
0.049612998962402344
0.024050474166870117
0.023772478103637695
0.008830070495605469
0.021561384201049805
0.01962447166442871
0.033921003341674805
0.020844459533691406
0.020142078399658203
0.030800580978393555
0.019836902618408203
0.021465778350830078
0.020321130752563477
0.03219270706176758
0.030048131942749023
0.022721290588378906
0.009968280792236328
0.023931264877319336
0.022165775299072266
0.023868083953857422
0.011788368225097656
0.0332791805267334
0.02268195152282715
0.019855737686157227
0.02088308334350586
0.02223038673400879
0.028774738311767578
0.022719383239746094
0.016286849975585938
0.02311992645263672
0.021923065185546875
0.011999368667602539
0.03261923789978027
0.032143354415893555
0.008976221084594727
0.020079612731933594
0.024910449981689453
0.04892587661743164
0.0210723876953125
0.02308964729309082
0.023894309997558594
0.020613431930541992
0.032323360443115234
0.02072286605834961
0.02298879623413086
0.020050764083862305
0.01975870132446289
0.021758556365966797
0.03350090980529785
0.018518924713134766
0.010398149490356445
0.021878719329833984
0.01986837387084961
0.011949300765991211
0.010684490203857422
0.020275115966796875
0.02408742904663086
0.022591352462768555
0.01904582977294922
0.020009994506835938
0.022139310836791992
0.0197598934173584
0.010018348693847656
0.022278547286987305
0.023850679397583008
0.011981487274169922
0.010715246200561523
0.01815938949584961
0.011889934539794922
0.010947465896606445
0.031922101974487305
0.010820627212524414
0.03219461441040039
