0.1310138702392578
0.04503440856933594
0.017757654190063477
0.019156217575073242
0.027025699615478516
0.02271294593811035
0.13191628456115723
0.1298203468322754
0.11137747764587402
0.140516996383667
0.14133405685424805
0.14064884185791016
0.13008522987365723
0.13037443161010742
0.030814409255981445
0.021920442581176758
0.13393306732177734
0.13367366790771484
0.10916376113891602
0.15097928047180176
0.12981367111206055
0.03422403335571289
0.015266656875610352
0.13557839393615723
0.04631805419921875
0.14283180236816406
0.1347804069519043
0.03627347946166992
0.015729188919067383
0.013969182968139648
0.02309250831604004
0.14384174346923828
0.1319715976715088
0.11156177520751953
0.1412186622619629
0.1337757110595703
0.1330723762512207
0.03311944007873535
0.020820140838623047
0.01832294464111328
0.027008771896362305
0.14995574951171875
0.15480685234069824
0.011853933334350586
0.013993978500366211
0.01488351821899414
0.01613306999206543
0.13379311561584473
0.14299440383911133
0.13297700881958008
0.13426470756530762
0.1535043716430664
0.05315423011779785
0.023995161056518555
0.01648259162902832
0.14459657669067383
0.044638633728027344
0.013052701950073242
0.143934965133667
0.044031620025634766
0.014864921569824219
0.023404836654663086
0.016480684280395508
0.024979829788208008
0.0484614372253418
0.027285099029541016
0.0262606143951416
0.03487586975097656
0.038054466247558594
0.025902748107910156
0.04203057289123535
0.02474832534790039
0.04311800003051758
0.0448458194732666
0.02209019660949707
0.06794476509094238
0.035883426666259766
0.036958932876586914
0.054029226303100586
0.03499031066894531
0.04595303535461426
0.015054941177368164
0.02611231803894043
0.02764272689819336
0.01888108253479004
0.025995969772338867
0.01528787612915039
0.02794504165649414
0.017755985260009766
0.014033317565917969
0.02766108512878418
0.015993118286132812
0.03305816650390625
0.1318976879119873
0.03423309326171875
0.01569342613220215
0.13275742530822754
0.03515148162841797
0.01685166358947754
0.033942461013793945
0.015254497528076172
0.03187751770019531
0.015382528305053711
0.1612839698791504
0.05440640449523926
0.14561867713928223
0.15697050094604492
0.01582050323486328
0.045212745666503906
0.13385462760925293
0.035103559494018555
0.048845767974853516
0.013019084930419922
0.02321624755859375
0.1335766315460205
0.14393234252929688
0.023127079010009766
0.014363527297973633
0.017598390579223633
0.14480352401733398
0.03336691856384277
0.03872251510620117
0.1329822540283203
0.047471046447753906
0.036900997161865234
0.027728796005249023
0.01625847816467285
0.013578414916992188
0.028876543045043945
0.04294729232788086
0.027583599090576172
0.1302189826965332
0.1436614990234375
0.02724766731262207
0.03608393669128418
0.014693975448608398
0.02095794677734375
0.04231905937194824
0.1338043212890625
0.03408980369567871
0.018797874450683594
0.02698969841003418
0.02077507972717285
0.03731656074523926
0.1335620880126953
0.1307821273803711
0.025007247924804688
0.01795649528503418
0.02559185028076172
0.037680625915527344
0.016397476196289062
0.03283286094665527
0.016660451889038086
0.028627395629882812
0.1360459327697754
0.1337134838104248
0.11189079284667969
0.042824745178222656
0.03276634216308594
0.14459991455078125
0.15425515174865723
0.02321767807006836
0.015250682830810547
0.1310725212097168
0.13273143768310547
0.010809898376464844
0.015504837036132812
0.012725830078125
0.015544891357421875
0.013379573822021484
0.013761520385742188
0.014456987380981445
0.04458332061767578
0.13222575187683105
0.04280233383178711
0.046831607818603516
0.1312253475189209
0.03474736213684082
0.014227151870727539
0.016936779022216797
0.023260116577148438
0.01455068588256836
0.03888821601867676
0.14751958847045898
0.03245687484741211
0.03971385955810547
0.013287067413330078
0.03419756889343262
0.015540599822998047
0.012026786804199219
0.05121207237243652
0.013974189758300781
0.018479585647583008
0.01798081398010254
0.01513361930847168
0.04403495788574219
0.021938085556030273
0.016976118087768555
0.03470897674560547
0.01699042320251465
0.012137889862060547
0.015041112899780273
0.015597820281982422
0.0318913459777832
0.03322720527648926
0.14458632469177246
0.04844856262207031
0.011766195297241211
0.023870468139648438
0.024464845657348633
0.01546478271484375
0.015131235122680664
0.029021739959716797
0.013741493225097656
0.023918867111206055
0.026187419891357422
0.017701387405395508
0.02301311492919922
0.025845766067504883
0.01393890380859375
0.03240680694580078
0.14422893524169922
0.048276662826538086
0.02154994010925293
0.011515617370605469
0.014930963516235352
0.023974180221557617
0.13299298286437988
0.046791791915893555
0.014220237731933594
0.14300870895385742
0.03372025489807129
0.024824857711791992
0.01616668701171875
0.14414763450622559
0.03864026069641113
0.13522863388061523
0.03496885299682617
0.0258023738861084
0.014835596084594727
0.01501774787902832
0.02432537078857422
0.14396929740905762
0.14562606811523438
0.026178836822509766
0.025812387466430664
0.014881610870361328
0.014157533645629883
0.1428697109222412
0.14171123504638672
0.013321161270141602
0.016547441482543945
0.1454181671142578
0.14407634735107422
0.015465497970581055
0.03266096115112305
0.01734614372253418
0.023254871368408203
0.014361381530761719
0.13404464721679688
0.033957719802856445
0.013695716857910156
0.1310741901397705
0.045244455337524414
0.024907350540161133
0.01486349105834961
0.035301923751831055
0.13775324821472168
0.0580134391784668
0.03808021545410156
0.14475750923156738
0.03637862205505371
0.024176359176635742
0.023061752319335938
0.018173694610595703
0.01412343978881836
0.02651214599609375
0.012929439544677734
0.024220705032348633
0.016104698181152344
0.14469456672668457
0.14303922653198242
0.016821622848510742
0.019075393676757812
0.1317896842956543
0.04306626319885254
0.025352954864501953
0.13515543937683105
0.04712176322937012
0.1332840919494629
0.1445159912109375
0.11200451850891113
0.032544851303100586
0.014563798904418945
0.13327693939208984
0.03469276428222656
0.014914751052856445
0.12937450408935547
0.0397181510925293
0.01968693733215332
0.02720189094543457
0.02483391761779785
0.027405500411987305
0.13544464111328125
0.03285479545593262
0.015285968780517578
0.025003433227539062
0.013952255249023438
0.029059886932373047
0.02363753318786621
0.014188528060913086
0.018260478973388672
0.024820566177368164
0.13049912452697754
0.03403520584106445
0.013126134872436523
0.13301348686218262
0.04553055763244629
0.14214134216308594
0.1326134204864502
0.021386146545410156
0.033669233322143555
0.13417553901672363
0.034739017486572266
0.015149831771850586
0.014778852462768555
0.021391630172729492
0.135331392288208
0.1363661289215088
0.0258331298828125
0.022610902786254883
0.1444721221923828
0.14274978637695312
0.015239953994750977
0.026012182235717773
0.0175473690032959
0.14146637916564941
0.1327197551727295
0.11203193664550781
0.0389554500579834
0.018314123153686523
0.01410984992980957
0.02238631248474121
0.1429738998413086
0.13067078590393066
0.011255025863647461
0.01714301109313965
0.025325536727905273
0.13060688972473145
0.1406574249267578
0.13204383850097656
0.12992215156555176
0.0341792106628418
0.021942615509033203
0.1319878101348877
0.04262566566467285
0.015039205551147461
0.1355130672454834
0.034432172775268555
0.013290882110595703
0.14676952362060547
0.03417491912841797
0.013635396957397461
0.13215947151184082
0.0451047420501709
0.1427302360534668
0.14374756813049316
0.13316893577575684
0.03289532661437988
0.014201164245605469
0.1308581829071045
0.14638328552246094
0.11529898643493652
0.13088417053222656
0.043733835220336914
0.034539222717285156
0.03704380989074707
0.040026187896728516
0.13591456413269043
0.13152313232421875
0.11194205284118652
0.1414802074432373
0.14448165893554688
0.13102293014526367
0.0321660041809082
0.031906843185424805
0.027263402938842773
0.025659799575805664
0.1340796947479248
0.14062857627868652
0.013299942016601562
0.017548322677612305
0.14621400833129883
0.1416158676147461
0.11307239532470703
0.13277316093444824
0.041738271713256836
0.13545966148376465
0.14479660987854004
0.12062621116638184
0.1224970817565918
0.1370534896850586
0.1329944133758545
0.13151097297668457
0.13014435768127441
0.13928556442260742
0.14252614974975586
0.13027334213256836
0.1451866626739502
0.044802188873291016
0.14198899269104004
0.13581204414367676
0.11077737808227539
0.12910008430480957
0.03264641761779785
0.015550613403320312
0.01573777198791504
0.026320934295654297
0.02591395378112793
0.017310619354248047
0.13250112533569336
0.055115461349487305
0.014812469482421875
0.037839412689208984
0.1440410614013672
0.03419637680053711
0.023714065551757812
0.024590015411376953
0.038446664810180664
0.14473891258239746
0.03307390213012695
0.015560150146484375
0.025405168533325195
0.14411211013793945
0.1315009593963623
0.11193728446960449
0.14285993576049805
0.14297747611999512
0.13133549690246582
0.13162994384765625
0.14230012893676758
0.13380932807922363
0.12989282608032227
0.14096879959106445
0.13398480415344238
0.14379239082336426
0.03244972229003906
0.14216899871826172
0.02377772331237793
0.014551877975463867
0.1351616382598877
0.1297588348388672
0.11997342109680176
0.13090276718139648
0.14024615287780762
0.1439516544342041
0.13083410263061523
0.034021854400634766
0.015205860137939453
0.13737058639526367
0.1425786018371582
0.013741731643676758
0.0333714485168457
0.132568359375
0.03529167175292969
0.026408672332763672
0.02418065071105957
0.03554511070251465
0.014294624328613281
0.013122797012329102
0.02778911590576172
0.018422603607177734
0.1447603702545166
0.04618573188781738
0.026842117309570312
0.13168025016784668
0.033982276916503906
0.025089740753173828
0.13239455223083496
0.13115453720092773
0.015246152877807617
0.0461735725402832
0.013922929763793945
0.02631974220275879
0.03855562210083008
0.015081167221069336
0.06692838668823242
0.057199954986572266
0.015460014343261719
0.022098541259765625
0.014025211334228516
0.013902425765991211
0.03893613815307617
0.03386259078979492
0.04908013343811035
0.16791653633117676
0.03305530548095703
0.0466771125793457
0.049226999282836914
0.06025958061218262
0.025674819946289062
0.04754781723022461
0.04193401336669922
0.01158761978149414
0.013597965240478516
0.12400245666503906
0.01291036605834961
0.14312338829040527
0.03394484519958496
0.022918701171875
0.014984846115112305
0.04863882064819336
0.03473234176635742
0.038787126541137695
0.023934602737426758
0.024527311325073242
0.05226421356201172
0.04474663734436035
0.1446666717529297
0.049295663833618164
0.018023252487182617
0.04781055450439453
0.015550851821899414
0.04717850685119629
0.02503371238708496
0.025812864303588867
0.013944149017333984
0.049944400787353516
0.014249086380004883
0.03297758102416992
0.02465200424194336
0.01586294174194336
0.03420543670654297
0.013631820678710938
0.027170658111572266
0.023671865463256836
0.04644370079040527
0.13459277153015137
0.04326581954956055
0.016535043716430664
0.013415813446044922
0.015773534774780273
0.018968582153320312
0.13146424293518066
0.04223823547363281
0.14235949516296387
0.13533616065979004
0.012604475021362305
0.015891075134277344
0.018635034561157227
0.025032997131347656
0.023910045623779297
0.013917684555053711
0.13785529136657715
0.0342864990234375
0.01633930206298828
0.1473236083984375
0.04223155975341797
0.13653278350830078
0.14164042472839355
0.024318456649780273
0.014058351516723633
0.13083505630493164
0.14162278175354004
0.022582530975341797
0.13312172889709473
0.14318323135375977
0.024571657180786133
0.011822938919067383
0.024970293045043945
0.03477358818054199
0.024318695068359375
0.14652156829833984
0.042311668395996094
0.013971090316772461
0.015898466110229492
0.03098773956298828
0.015592098236083984
0.01600170135498047
0.03070211410522461
0.013211250305175781
0.13492393493652344
0.031928300857543945
0.024283647537231445
0.025438785552978516
0.1430656909942627
0.04598665237426758
0.025397062301635742
0.1434767246246338
0.04534435272216797
0.016602516174316406
0.13612866401672363
0.05622673034667969
0.014554977416992188
0.04009866714477539
0.03396463394165039
0.017529964447021484
0.014301538467407227
0.1461169719696045
0.035837411880493164
0.014804840087890625
0.026276111602783203
0.0294497013092041
0.024469614028930664
0.13337993621826172
0.03426671028137207
0.021863937377929688
0.013684511184692383
0.14287948608398438
0.04726672172546387
0.14498400688171387
0.13478612899780273
0.015028953552246094
0.015010356903076172
0.13491415977478027
0.04511213302612305
0.14464116096496582
0.05456137657165527
0.02558302879333496
0.015015840530395508
0.14682984352111816
0.04426383972167969
0.14354705810546875
0.13178563117980957
0.12119531631469727
0.13066792488098145
0.13297677040100098
0.1300523281097412
0.13297605514526367
0.13214397430419922
0.14275264739990234
0.03420662879943848
0.027884483337402344
0.02427959442138672
0.14478039741516113
0.03494381904602051
0.016063928604125977
0.1451249122619629
0.035512685775756836
0.01425790786743164
0.13273930549621582
0.03102898597717285
0.014895915985107422
0.13542962074279785
0.0347750186920166
0.13372087478637695
0.13390517234802246
0.11079716682434082
0.13199949264526367
0.1401684284210205
0.13381457328796387
0.03501558303833008
0.013935565948486328
0.14522290229797363
0.035727739334106445
0.014127969741821289
0.13697075843811035
0.05408930778503418
0.13073968887329102
0.13287782669067383
0.026103496551513672
0.023261070251464844
0.13455533981323242
0.031855106353759766
0.015077829360961914
0.025925874710083008
0.016486406326293945
0.13333868980407715
0.13083314895629883
0.10945796966552734
0.03284764289855957
0.013870477676391602
0.13714194297790527
0.034856557846069336
0.013139009475708008
0.015675783157348633
0.015357255935668945
0.028547286987304688
0.01490640640258789
0.14409255981445312
0.036843061447143555
0.012967348098754883
0.14550566673278809
0.055310964584350586
0.13512706756591797
0.13176369667053223
0.12109494209289551
0.1356339454650879
0.14101457595825195
0.033048152923583984
0.013151407241821289
0.13606858253479004
0.04676198959350586
0.02308058738708496
0.14285778999328613
0.1436004638671875
0.011286020278930664
0.022953033447265625
0.014059305191040039
0.017999887466430664
0.011986494064331055
0.13492631912231445
0.036389827728271484
0.013721704483032227
0.016759872436523438
0.02179574966430664
0.014525175094604492
0.1433570384979248
0.13000893592834473
0.023211240768432617
0.013121843338012695
0.014699459075927734
0.0211637020111084
0.02371811866760254
0.023830890655517578
0.026218891143798828
0.13370037078857422
0.03414344787597656
0.030104398727416992
0.14326691627502441
0.0339510440826416
0.026610851287841797
0.016582250595092773
0.025014638900756836
0.13098907470703125
0.044158220291137695
0.02489304542541504
0.017771244049072266
0.022193193435668945
0.013942956924438477
0.14320111274719238
0.1418294906616211
0.12085986137390137
0.13184762001037598
0.03412151336669922
0.03794360160827637
0.14319491386413574
0.04054522514343262
0.0259554386138916
0.014532089233398438
0.14416718482971191
0.04762601852416992
0.13390231132507324
0.1676468849182129
0.11377859115600586
0.13318514823913574
0.03196883201599121
0.022444963455200195
0.01531219482421875
0.013503789901733398
0.13428020477294922
0.03549671173095703
0.03174638748168945
0.015542745590209961
0.02411937713623047
0.133270263671875
0.13442659378051758
0.11196374893188477
0.13216114044189453
0.14191269874572754
0.04625201225280762
0.134857177734375
0.03281044960021973
0.023212671279907227
0.1348130702972412
0.13209319114685059
0.11167168617248535
0.032183170318603516
0.012899637222290039
0.13524270057678223
0.03568458557128906
0.14393043518066406
0.1308143138885498
0.11212515830993652
0.03305459022521973
0.021059036254882812
0.034961700439453125
0.024898529052734375
0.03245997428894043
0.14240360260009766
0.03699517250061035
0.01315164566040039
0.028102874755859375
0.03480958938598633
0.02599358558654785
0.14674067497253418
0.03193783760070801
0.019849061965942383
0.02546525001525879
0.12634706497192383
0.05263113975524902
0.025715112686157227
0.02370166778564453
0.03497767448425293
0.14341402053833008
0.1533222198486328
0.03537893295288086
0.013773918151855469
0.025200843811035156
0.13261055946350098
0.03373360633850098
0.014173269271850586
0.022487163543701172
0.1352846622467041
0.15211176872253418
0.11368608474731445
0.0423893928527832
0.13065814971923828
0.04413342475891113
0.02284550666809082
0.022190570831298828
0.14402246475219727
0.037970542907714844
0.012985706329345703
0.13507580757141113
0.03563857078552246
0.022876977920532227
0.012279272079467773
0.019540786743164062
0.01708197593688965
0.02994823455810547
0.013998031616210938
0.020146608352661133
0.14289426803588867
0.15187644958496094
0.12277555465698242
0.14209866523742676
0.03335881233215332
0.026622772216796875
0.013139724731445312
0.14606761932373047
0.12344670295715332
0.11004376411437988
0.13022685050964355
0.15385794639587402
0.045815229415893555
0.14524173736572266
0.13257479667663574
0.012367010116577148
0.015106916427612305
0.023944854736328125
0.03727245330810547
0.1346731185913086
0.13349080085754395
0.01396489143371582
0.019299030303955078
0.015816211700439453
0.02676534652709961
0.014824151992797852
0.1362004280090332
0.14385151863098145
0.021162033081054688
0.13477134704589844
0.1328291893005371
0.012309789657592773
0.02295851707458496
0.02472519874572754
0.02204418182373047
0.016966819763183594
0.13303613662719727
0.1296555995941162
0.11325430870056152
0.020848751068115234
0.022551774978637695
0.017682313919067383
0.01489114761352539
0.13740015029907227
0.1452782154083252
0.10984492301940918
0.13040971755981445
0.05630898475646973
0.1335139274597168
0.1384129524230957
0.11121225357055664
0.13436341285705566
0.13155317306518555
0.14130043983459473
0.03597617149353027
0.13365626335144043
0.14516234397888184
0.1128685474395752
0.1326427459716797
0.1311342716217041
0.14259719848632812
0.13136935234069824
0.14310550689697266
0.13071680068969727
0.13011813163757324
0.1299912929534912
0.14358925819396973
0.04530024528503418
0.1430356502532959
0.14562511444091797
0.11112642288208008
0.14524292945861816
0.04668855667114258
0.022103309631347656
0.013993263244628906
0.13613343238830566
0.04619479179382324
0.13344669342041016
0.14682722091674805
0.11292910575866699
0.13389825820922852
0.12984514236450195
0.13017678260803223
0.15315794944763184
0.14505600929260254
0.15480589866638184
0.03399968147277832
0.017340660095214844
0.13460874557495117
0.14111065864562988
0.026703834533691406
0.039366960525512695
0.0198366641998291
0.014872312545776367
0.13394999504089355
0.059262990951538086
0.13459014892578125
0.03368377685546875
0.026552200317382812
0.024303913116455078
0.0241091251373291
0.03621649742126465
0.025806427001953125
0.1479945182800293
0.14984941482543945
0.014006853103637695
0.013895750045776367
0.023189067840576172
0.1428840160369873
0.13475465774536133
0.10984468460083008
0.031517982482910156
0.012639284133911133
0.027225732803344727
0.01611638069152832
0.012404441833496094
0.13251185417175293
0.14449191093444824
0.11290931701660156
0.13239455223083496
0.15363097190856934
0.13273024559020996
0.1443793773651123
0.1325986385345459
0.1303088665008545
0.13164305686950684
0.14206910133361816
0.15024304389953613
0.04373431205749512
0.011225700378417969
0.12180185317993164
0.023785829544067383
0.014480352401733398
0.13440203666687012
0.13579344749450684
0.0153350830078125
0.03419232368469238
0.13167548179626465
0.12198424339294434
0.12298297882080078
0.1327810287475586
0.13201594352722168
0.1327805519104004
0.14432477951049805
0.13166189193725586
0.12288880348205566
0.13422250747680664
0.13534092903137207
0.1536264419555664
0.13269400596618652
0.1300032138824463
0.04253745079040527
0.13292646408081055
0.15179729461669922
0.027803897857666016
0.1442122459411621
0.14447236061096191
0.12306451797485352
0.14214754104614258
0.1479043960571289
0.04408884048461914
0.14376187324523926
0.154771089553833
0.03253459930419922
0.03813767433166504
0.015295028686523438
0.015109062194824219
0.13586997985839844
0.14316153526306152
0.12283945083618164
0.04674673080444336
0.024002552032470703
0.016223430633544922
0.020772457122802734
0.023430585861206055
0.13640069961547852
0.029917001724243164
0.02622056007385254
0.1468043327331543
0.1459953784942627
0.010854959487915039
0.014997720718383789
0.022899150848388672
0.014244794845581055
0.13782262802124023
0.1317274570465088
0.024257421493530273
0.1437830924987793
0.04285836219787598
0.023524761199951172
0.017002344131469727
0.02264094352722168
0.13382411003112793
0.04416346549987793
0.1337144374847412
0.14391088485717773
