0.028390169143676758
0.007727622985839844
0.17791390419006348
0.0640566349029541
0.20244526863098145
0.053240060806274414
0.2569139003753662
0.06381773948669434
0.0787055492401123
0.02117919921875
0.2630655765533447
0.12961602210998535
0.09491920471191406
0.17983269691467285
0.0870664119720459
0.24398255348205566
0.22161078453063965
0.09454894065856934
0.14979791641235352
0.2518956661224365
0.09713506698608398
0.1498699188232422
0.09381771087646484
0.1982896327972412
0.26175594329833984
0.22199749946594238
0.009971380233764648
0.3560018539428711
0.10198664665222168
0.04496359825134277
0.4270284175872803
0.045235633850097656
0.13179659843444824
0.37221384048461914
0.12364649772644043
0.11125946044921875
0.2926056385040283
0.20734786987304688
0.008474588394165039
0.26920604705810547
0.008978605270385742
0.11502218246459961
0.2769043445587158
0.08501410484313965
0.0283050537109375
0.10068249702453613
0.3596649169921875
0.052056312561035156
0.08982396125793457
0.24915432929992676
0.12476897239685059
0.06228971481323242
0.20990657806396484
0.08625626564025879
0.04973864555358887
0.29766845703125
0.0451815128326416
0.07768797874450684
0.28317952156066895
0.06023812294006348
0.24808740615844727
0.009886980056762695
0.22990131378173828
0.02005314826965332
0.1730351448059082
0.026628732681274414
0.06363058090209961
0.09629154205322266
0.09891271591186523
0.10181283950805664
0.008856534957885742
0.10001993179321289
0.009864568710327148
0.12494063377380371
0.08508539199829102
0.1054697036743164
0.1182091236114502
0.008889913558959961
0.20545387268066406
0.10256242752075195
0.07974863052368164
0.15832734107971191
0.1131596565246582
0.009578466415405273
0.1088261604309082
0.053606510162353516
0.12489914894104004
0.06400465965270996
0.017889022827148438
0.1489427089691162
0.023297786712646484
0.009765148162841797
0.2139449119567871
0.044304609298706055
0.1889035701751709
0.04513406753540039
0.020724773406982422
0.1418132781982422
0.07713794708251953
0.05796694755554199
0.050936222076416016
0.11932754516601562
0.09231758117675781
0.09258079528808594
0.0421757698059082
0.0739755630493164
0.2538492679595947
0.008256912231445312
0.14493656158447266
0.30765604972839355
0.0971364974975586
0.04993104934692383
0.08799934387207031
0.38896679878234863
0.05582404136657715
0.38995885848999023
0.06409430503845215
0.10078620910644531
0.37528181076049805
0.0556790828704834
0.008630990982055664
0.3344695568084717
0.023258209228515625
0.07804203033447266
0.236358642578125
0.02528667449951172
0.0688772201538086
0.18678641319274902
0.18406939506530762
0.09899187088012695
0.20071125030517578
0.10496068000793457
0.16312575340270996
0.36428165435791016
0.19176912307739258
0.006795644760131836
0.483980655670166
0.08034563064575195
0.45534610748291016
0.030488967895507812
0.07969236373901367
0.3972470760345459
0.03675031661987305
0.06339359283447266
0.21353769302368164
0.07092833518981934
0.06408071517944336
0.18199372291564941
0.04572486877441406
0.009188175201416016
0.12683343887329102
0.009845256805419922
0.02228999137878418
0.1456918716430664
0.04443359375
0.146575927734375
0.02937769889831543
0.01963329315185547
0.07910013198852539
0.0691835880279541
0.019208669662475586
0.1549394130706787
0.08047223091125488
0.1462411880493164
0.2811436653137207
0.10962724685668945
0.10118627548217773
0.4380300045013428
0.12486410140991211
0.08300924301147461
0.12285065650939941
0.5260519981384277
0.1138608455657959
0.12287712097167969
0.38033175468444824
0.2216639518737793
0.11026144027709961
0.3537783622741699
0.21826934814453125
0.01852893829345703
0.34909820556640625
0.26198387145996094
0.00885772705078125
0.4721693992614746
0.008777856826782227
0.17202425003051758
0.4299740791320801
0.14930176734924316
0.12255668640136719
0.39035654067993164
0.11547541618347168
0.06319618225097656
0.4639568328857422
0.018352985382080078
0.10472440719604492
0.4388861656188965
0.048863887786865234
0.0942838191986084
0.34566164016723633
0.1378183364868164
0.12996649742126465
0.29212093353271484
0.17203903198242188
0.09000849723815918
0.17282533645629883
0.22018074989318848
0.11066198348999023
0.14013981819152832
0.07445073127746582
0.18075060844421387
0.06917142868041992
0.1991562843322754
0.008169889450073242
0.0559239387512207
0.17992067337036133
0.08285665512084961
0.07822656631469727
0.16028451919555664
0.20150494575500488
0.08904218673706055
0.1758723258972168
0.26106810569763184
0.008894920349121094
0.1758561134338379
0.2781069278717041
0.13007020950317383
0.11666297912597656
0.008330583572387695
0.307750940322876
0.16377043724060059
0.009039163589477539
0.3418715000152588
0.12429141998291016
0.2156684398651123
0.403395414352417
0.236922025680542
0.12967991828918457
0.2820148468017578
0.13640141487121582
0.3496840000152588
0.2998933792114258
0.13090920448303223
0.18793368339538574
0.4038810729980469
0.11622166633605957
0.12177824974060059
0.10356330871582031
0.31842827796936035
0.20291757583618164
0.30097484588623047
0.09501028060913086
0.20199203491210938
0.0958869457244873
0.19888639450073242
0.3072183132171631
0.010721921920776367
0.20508790016174316
0.10397672653198242
0.309053897857666
0.201002836227417
0.009744405746459961
0.28928375244140625
0.21352648735046387
0.007440090179443359
0.35795116424560547
0.0844564437866211
0.09412813186645508
0.24847817420959473
0.13381028175354004
0.009549617767333984
0.11104679107666016
0.0709068775177002
0.03216218948364258
0.19672155380249023
0.0223848819732666
0.06437182426452637
0.12590360641479492
0.009284734725952148
0.05608177185058594
0.17794203758239746
0.07090306282043457
0.07146859169006348
0.3063030242919922
0.012219429016113281
0.12088871002197266
0.3688344955444336
0.11731696128845215
0.17139124870300293
0.12112998962402344
0.30153608322143555
0.31341028213500977
0.01289987564086914
0.268810510635376
0.12095284461975098
0.3001217842102051
0.2938673496246338
0.3130228519439697
0.010112524032592773
0.2889423370361328
0.12999629974365234
0.3257761001586914
0.2979724407196045
0.008039712905883789
0.3298451900482178
0.32407498359680176
0.009893655776977539
0.43316197395324707
0.1298973560333252
0.08674407005310059
0.5426909923553467
0.06942939758300781
0.006783485412597656
0.5769248008728027
0.03200960159301758
0.48990631103515625
0.018988609313964844
0.09705948829650879
0.40891003608703613
0.008883476257324219
0.08714532852172852
0.30100178718566895
0.06519722938537598
0.009445905685424805
0.19906401634216309
0.03742027282714844
0.21766424179077148
0.01907038688659668
0.05571103096008301
0.16219592094421387
0.013141155242919922
0.00837087631225586
0.15999174118041992
0.13501286506652832
0.09425640106201172
0.19480061531066895
0.08809566497802734
0.13315439224243164
0.29354071617126465
0.0849614143371582
0.07318878173828125
0.0976111888885498
0.3750801086425781
0.12389016151428223
0.0071811676025390625
0.38187432289123535
0.1689443588256836
0.018836021423339844
0.45413708686828613
0.12311410903930664
0.4849083423614502
0.12701129913330078
0.021114349365234375
0.17976975440979004
0.5419228076934814
0.0900113582611084
0.11988139152526855
0.42008280754089355
0.19280290603637695
0.1200263500213623
0.3822629451751709
0.008855581283569336
0.17781329154968262
0.3903532028198242
0.009544849395751953
0.14690375328063965
0.1159052848815918
0.34641098976135254
0.1659867763519287
0.007530689239501953
0.3312253952026367
0.16286134719848633
0.09518218040466309
0.3174619674682617
0.020406723022460938
0.15108084678649902
0.31700658798217773
0.010039806365966797
0.12480282783508301
0.10908079147338867
0.2697458267211914
0.1342473030090332
0.0951242446899414
0.1525132656097412
0.07632803916931152
0.13903021812438965
0.0627126693725586
0.17482280731201172
0.15484046936035156
0.008967876434326172
0.15096116065979004
0.14987850189208984
0.06232166290283203
0.136885404586792
0.0679619312286377
0.08284664154052734
0.19092822074890137
0.040331125259399414
0.07871747016906738
0.07608675956726074
0.06561422348022461
0.07323360443115234
0.10389876365661621
0.02899909019470215
0.020752429962158203
0.11827993392944336
0.07897830009460449
0.0729670524597168
0.05754804611206055
0.2554960250854492
0.007967472076416016
0.24294090270996094
0.011069774627685547
0.2857522964477539
0.32026004791259766
0.1319429874420166
0.19590353965759277
0.13376355171203613
0.44590210914611816
0.1230776309967041
0.09506630897521973
0.5700809955596924
0.08208417892456055
0.13118934631347656
0.5370564460754395
0.11254119873046875
0.18122267723083496
0.3471100330352783
0.2766435146331787
0.1201014518737793
0.35988855361938477
0.011023521423339844
0.2708926200866699
0.13196468353271484
0.24625086784362793
0.3898439407348633
0.1159515380859375
0.1907951831817627
0.02109837532043457
0.36081409454345703
0.15481042861938477
0.09404969215393066
0.2319183349609375
0.12224531173706055
0.18001818656921387
0.2719106674194336
0.08792614936828613
0.06991171836853027
0.07790637016296387
0.2454538345336914
0.11132240295410156
0.12775111198425293
0.031110763549804688
0.05499458312988281
0.1368875503540039
0.017900466918945312
0.20491504669189453
0.06557250022888184
0.08448386192321777
0.23803067207336426
0.0080108642578125
0.13688158988952637
0.30289649963378906
0.10208916664123535
0.06476879119873047
0.10605478286743164
0.42807960510253906
0.12476992607116699
0.007192373275756836
0.43184351921081543
0.019989013671875
0.12781238555908203
0.16163039207458496
0.40136289596557617
0.1959688663482666
0.008182048797607422
0.38112926483154297
0.20986294746398926
0.010824441909790039
0.4491260051727295
0.10852742195129395
0.021227598190307617
0.10069799423217773
0.4438488483428955
0.11306905746459961
0.021002531051635742
0.4953148365020752
0.05209207534790039
0.5192618370056152
0.012718677520751953
0.09957742691040039
0.5079507827758789
0.019775867462158203
0.4764580726623535
0.020027875900268555
0.12410449981689453
0.4057323932647705
0.03916120529174805
0.007854700088500977
0.3709678649902344
0.02998042106628418
0.09805178642272949
0.0650639533996582
0.2727694511413574
0.11212539672851562
0.08775925636291504
0.18010902404785156
0.18364810943603516
0.07811093330383301
0.13700413703918457
0.05495047569274902
0.08048582077026367
0.09740400314331055
0.0872049331665039
0.0637960433959961
0.16810035705566406
0.06499028205871582
0.06387162208557129
0.09598231315612793
0.28350830078125
0.1292731761932373
0.08602333068847656
0.18984699249267578
0.08695030212402344
0.14828920364379883
0.34772562980651855
0.007185697555541992
0.10312747955322266
0.07182025909423828
0.39757299423217773
0.08378124237060547
0.4269993305206299
0.0972437858581543
0.09783792495727539
0.11376404762268066
0.2934451103210449
0.17372894287109375
0.008793354034423828
0.289048433303833
0.1490483283996582
0.11596918106079102
0.008239984512329102
0.4057340621948242
0.17163419723510742
0.009079933166503906
0.43129801750183105
0.12151384353637695
0.1712512969970703
0.414762020111084
0.11398434638977051
0.029967546463012695
0.5040693283081055
0.049846649169921875
0.11028432846069336
0.318845272064209
0.018700122833251953
0.15421605110168457
0.35422348976135254
0.007769346237182617
0.20392251014709473
0.13099217414855957
0.12813043594360352
0.3348121643066406
0.10399031639099121
0.032964468002319336
0.10610389709472656
0.4155704975128174
0.045805931091308594
0.39232325553894043
0.012012243270874023
0.07411432266235352
0.17105436325073242
0.11071157455444336
0.05589413642883301
0.10818123817443848
0.21291017532348633
0.07936668395996094
0.11840677261352539
0.0859537124633789
0.17292118072509766
0.020917177200317383
0.2376110553741455
0.24149632453918457
0.11171579360961914
0.2671346664428711
0.11013936996459961
0.18256878852844238
0.37758517265319824
0.11853170394897461
0.08187174797058105
0.16291069984436035
0.4542274475097656
0.00982356071472168
0.1610875129699707
0.4788033962249756
0.1390233039855957
0.08476686477661133
0.13816189765930176
0.5667734146118164
0.08345890045166016
0.5940554141998291
0.024446964263916016
0.15524888038635254
0.5144083499908447
0.05999565124511719
0.11900758743286133
0.3789548873901367
0.10497236251831055
0.06908941268920898
0.11690449714660645
0.4110136032104492
0.08377647399902344
0.09494996070861816
0.28898119926452637
0.16805219650268555
0.007676124572753906
0.3370659351348877
0.07534098625183105
0.32880139350891113
0.05683612823486328
0.07623553276062012
0.2611124515533447
0.0463259220123291
0.22063660621643066
0.05132412910461426
0.06474518775939941
0.22478723526000977
0.024056673049926758
0.16823554039001465
0.05123019218444824
0.09598875045776367
0.28812313079833984
0.15100479125976562
0.010850667953491211
0.309769868850708
0.1939396858215332
0.010352611541748047
0.4380221366882324
0.1185445785522461
0.04250907897949219
0.13460564613342285
0.42513442039489746
0.2056562900543213
0.13221192359924316
0.39757657051086426
0.14104866981506348
0.10149097442626953
0.566354513168335
0.12122106552124023
0.12788081169128418
0.5091044902801514
0.13566994667053223
0.15475964546203613
0.13131284713745117
0.4287097454071045
0.2780296802520752
0.1312861442565918
0.27293920516967773
0.1877298355102539
0.30983662605285645
0.31865882873535156
0.00953054428100586
0.2777974605560303
0.10884642601013184
0.17696309089660645
0.09829545021057129
0.32584309577941895
0.1301119327545166
0.009615898132324219
0.25783324241638184
0.0899507999420166
0.009567499160766602
0.2594115734100342
0.053107500076293945
0.08319854736328125
0.21584010124206543
0.16099190711975098
0.019715547561645508
0.1962265968322754
0.07627701759338379
0.10088038444519043
0.013944387435913086
0.1529989242553711
0.009736776351928711
0.05827212333679199
0.13193464279174805
0.0781242847442627
0.1879410743713379
0.07305788993835449
0.06002974510192871
0.08588957786560059
0.31491684913635254
0.13354253768920898
0.0074388980865478516
0.37876272201538086
0.010153770446777344
0.18683862686157227
0.12618446350097656
0.38887572288513184
0.23589301109313965
0.00901484489440918
0.3759598731994629
0.2418360710144043
0.12303805351257324
0.36408519744873047
0.12211203575134277
0.15080618858337402
0.012014389038085938
0.47789525985717773
0.1909008026123047
0.1311051845550537
0.461719274520874
0.11828112602233887
0.08703827857971191
0.5788626670837402
0.06342411041259766
0.11157917976379395
0.5404319763183594
0.01420283317565918
0.5468213558197021
0.00931859016418457
0.10779380798339844
0.5248847007751465
0.019523143768310547
0.4410409927368164
0.0343928337097168
0.0868988037109375
0.3778698444366455
0.0471494197845459
0.08965039253234863
0.24801206588745117
0.11803197860717773
0.06711339950561523
0.06222271919250488
0.1404733657836914
0.1545276641845703
0.03617119789123535
0.13798141479492188
0.07727861404418945
0.10649585723876953
0.008985280990600586
0.2720670700073242
0.009123563766479492
0.11679887771606445
0.2727956771850586
0.08519363403320312
0.12195372581481934
0.009831666946411133
0.31743693351745605
0.135392427444458
0.08626031875610352
0.2137925624847412
0.09895920753479004
0.24999761581420898
0.11816644668579102
0.19282770156860352
0.4231603145599365
0.010784387588500977
0.20186448097229004
0.1279752254486084
0.43804192543029785
0.1281909942626953
0.11896729469299316
0.5585629940032959
0.1191413402557373
0.12890267372131348
0.575659990310669
0.13220834732055664
0.01970505714416504
0.5443427562713623
0.10060334205627441
0.022984743118286133
0.6320104598999023
0.05999612808227539
0.5644121170043945
0.04135942459106445
0.5691421031951904
0.06988310813903809
0.10371637344360352
0.39723682403564453
0.007860898971557617
0.12897253036499023
0.37517356872558594
0.019529342651367188
0.008049249649047852
0.1579139232635498
0.06851887702941895
0.009674310684204102
0.15857911109924316
0.08481287956237793
0.20429325103759766
0.008549928665161133
0.2880420684814453
0.2784876823425293
0.11729168891906738
0.19923138618469238
0.1460556983947754
0.3994286060333252
0.13031458854675293
0.1480882167816162
0.5398268699645996
0.13684511184692383
0.02827596664428711
0.1360793113708496
0.6976237297058105
0.01795196533203125
0.15016460418701172
0.5348429679870605
0.15140509605407715
0.1276862621307373
0.1277925968170166
0.37204670906066895
0.3119618892669678
0.02074885368347168
0.38221120834350586
0.33177757263183594
0.1299760341644287
0.3458740711212158
0.13091635704040527
0.20501422882080078
0.12139081954956055
0.31455302238464355
0.32200050354003906
0.11006760597229004
0.2443404197692871
0.009560823440551758
0.3050200939178467
0.21417546272277832
0.007768154144287109
0.28579282760620117
0.09808969497680664
0.1499016284942627
0.06590032577514648
0.11305809020996094
0.19298171997070312
0.04131174087524414
0.05473208427429199
0.2020869255065918
0.010827302932739258
0.06610608100891113
0.2128901481628418
0.1662921905517578
0.01866769790649414
0.3063499927520752
0.23076581954956055
0.1127173900604248
0.10508561134338379
0.19280600547790527
0.3931138515472412
0.010832548141479492
0.23304533958435059
0.4451735019683838
0.13197755813598633
0.22958970069885254
0.14895176887512207
0.3471245765686035
0.40110349655151367
0.007658958435058594
0.34316110610961914
0.14596343040466309
0.37995052337646484
0.007941007614135742
0.3720831871032715
0.37775397300720215
0.14104485511779785
0.24811244010925293
0.1409597396850586
0.4677085876464844
0.23098540306091309
0.12732839584350586
0.2847740650177002
0.3158388137817383
0.12015032768249512
0.21371150016784668
0.01984238624572754
0.2710230350494385
0.011206626892089844
0.19386649131774902
0.265927791595459
0.0077016353607177734
0.23729825019836426
0.01921558380126953
0.23889517784118652
0.01036691665649414
0.06294965744018555
0.17480134963989258
0.024561405181884766
0.2388455867767334
0.08458328247070312
0.0650017261505127
0.09341549873352051
0.3936421871185303
0.1519453525543213
0.019240617752075195
0.4225637912750244
0.22292757034301758
0.13831377029418945
0.3668515682220459
0.14894461631774902
0.299025297164917
0.1488170623779297
0.2957630157470703
0.1371901035308838
0.30495190620422363
0.4338986873626709
0.13630270957946777
0.2534821033477783
0.13706254959106445
0.3080110549926758
0.3839540481567383
0.13712716102600098
0.18269777297973633
0.13089370727539062
0.4920809268951416
0.1530930995941162
0.11410379409790039
0.3508915901184082
0.00905299186706543
0.2695424556732178
0.1489555835723877
0.27626466751098633
0.2578582763671875
0.010879755020141602
0.2481365203857422
0.251725435256958
0.09399747848510742
0.21087145805358887
0.018082380294799805
0.2449190616607666
0.11058497428894043
0.06796503067016602
0.0682673454284668
0.09221649169921875
0.13972878456115723
0.05503273010253906
0.07590341567993164
0.06496024131774902
0.1900498867034912
0.13500547409057617
0.08777737617492676
0.12302041053771973
0.270216703414917
0.1108243465423584
0.15984106063842773
0.057013511657714844
0.5332794189453125
0.12403345108032227
0.5869884490966797
0.14110136032104492
0.12574028968811035
0.007097721099853516
0.6142392158508301
0.10280084609985352
0.13190078735351562
0.46427226066589355
0.1785414218902588
0.1424398422241211
0.010354042053222656
0.5020527839660645
0.16330599784851074
0.12970399856567383
0.3669090270996094
0.16875958442687988
0.21243619918823242
0.4384500980377197
0.13311338424682617
0.07119202613830566
0.5709788799285889
0.11768746376037598
0.062219858169555664
0.14010906219482422
0.43883204460144043
0.12615537643432617
0.0715019702911377
0.532923698425293
0.11090683937072754
0.023502588272094727
0.1063380241394043
0.38334059715270996
0.10098695755004883
0.009452581405639648
0.19433331489562988
0.06448125839233398
0.02065300941467285
0.13194584846496582
0.07497644424438477
0.0737612247467041
