0.09596967697143555
0.055742740631103516
0.08984231948852539
0.04354572296142578
0.04934048652648926
0.07493066787719727
0.04711318016052246
0.06278347969055176
0.1180870532989502
0.046398162841796875
0.11224150657653809
0.05987834930419922
0.06082797050476074
0.08296632766723633
0.05422019958496094
0.019573450088500977
0.13816142082214355
0.06298041343688965
0.09890174865722656
0.044878482818603516
0.00880742073059082
0.16634750366210938
0.04893040657043457
0.04570722579956055
0.06429290771484375
0.19362235069274902
0.010828018188476562
0.04134678840637207
0.058709144592285156
0.03800058364868164
0.0440678596496582
0.09859108924865723
0.03953957557678223
0.038642168045043945
0.05407452583312988
0.03074502944946289
0.07097172737121582
0.007796049118041992
0.012871265411376953
0.07638311386108398
0.041568756103515625
0.028817415237426758
0.007111787796020508
0.1581103801727295
0.008400678634643555
0.0366816520690918
0.03390383720397949
0.11684536933898926
0.03213214874267578
0.040740013122558594
0.007107257843017578
0.040030717849731445
0.10888338088989258
0.00981903076171875
0.04811215400695801
0.021094560623168945
0.07478165626525879
0.0349271297454834
0.033954620361328125
0.027073144912719727
0.04099273681640625
0.08962345123291016
0.027089834213256836
0.029430627822875977
0.03011775016784668
0.02015519142150879
0.11861920356750488
0.015268325805664062
0.011612176895141602
0.04132080078125
0.06134510040283203
0.03366208076477051
0.03580069541931152
0.007366657257080078
0.05896115303039551
0.007288694381713867
0.010956048965454102
0.08685064315795898
0.007607460021972656
0.039510488510131836
0.07197070121765137
0.05057263374328613
0.030269384384155273
0.03172731399536133
0.05243682861328125
0.007666826248168945
0.11486196517944336
0.05088925361633301
0.07126212120056152
0.05415773391723633
0.04944944381713867
0.13016963005065918
0.024777889251708984
0.14684295654296875
0.0072062015533447266
0.06893515586853027
0.11070799827575684
0.05199027061462402
0.05203700065612793
0.08247971534729004
0.05357003211975098
0.1711902618408203
0.05262327194213867
0.06417250633239746
0.05604124069213867
0.047821760177612305
0.05908060073852539
0.12090706825256348
0.05767965316772461
0.04526877403259277
0.0938255786895752
0.04292106628417969
0.11089515686035156
0.018906831741333008
0.08003997802734375
0.04521059989929199
0.016057968139648438
0.019471168518066406
0.05428361892700195
0.05764055252075195
0.035256147384643555
0.03501558303833008
0.058849334716796875
0.020307302474975586
0.09283113479614258
0.020426273345947266
0.03304457664489746
0.029977083206176758
0.05885124206542969
0.03288626670837402
0.05998945236206055
0.03898024559020996
0.06391263008117676
0.07686448097229004
0.022748708724975586
0.1243124008178711
0.03809380531311035
0.04785895347595215
0.020792245864868164
0.060265541076660156
0.03991842269897461
0.11561965942382812
0.04668593406677246
0.08877325057983398
0.009625673294067383
0.04609322547912598
0.12763547897338867
0.06738138198852539
0.13985753059387207
0.010901689529418945
0.059877872467041016
0.10892248153686523
0.05737948417663574
0.0735175609588623
0.1420602798461914
0.06305336952209473
0.1510143280029297
0.07661604881286621
0.07299113273620605
0.07613658905029297
0.09590554237365723
0.021807432174682617
0.2189018726348877
0.06510329246520996
0.09524393081665039
0.05863499641418457
0.1960892677307129
0.059000492095947266
0.05992245674133301
0.06801867485046387
0.010634660720825195
0.056081533432006836
0.20401549339294434
0.056279897689819336
0.06438660621643066
0.0323336124420166
0.06470894813537598
0.21141338348388672
0.06891608238220215
0.024179458618164062
0.04510188102722168
0.0454554557800293
0.19833159446716309
0.03931760787963867
0.029076576232910156
0.0435328483581543
0.1879730224609375
0.03950142860412598
0.02258443832397461
0.020004749298095703
0.04074835777282715
0.14825010299682617
0.034915924072265625
0.0262908935546875
0.040229082107543945
0.03446769714355469
0.10207796096801758
0.0482940673828125
0.04198956489562988
0.03484177589416504
0.054749488830566406
0.010816574096679688
0.10180997848510742
0.01793837547302246
0.03686666488647461
0.02136826515197754
0.06880307197570801
0.014376401901245117
0.03352499008178711
0.03270769119262695
0.04125046730041504
0.04194974899291992
0.030788898468017578
0.032021522521972656
0.031923532485961914
0.060101985931396484
0.008613109588623047
0.04353666305541992
0.06663322448730469
0.04519462585449219
0.03865361213684082
0.07401537895202637
0.0421299934387207
0.11403322219848633
0.05268359184265137
0.0717322826385498
0.05707550048828125
0.008913040161132812
0.16033291816711426
0.02047896385192871
0.054990530014038086
0.07541537284851074
0.07454156875610352
0.009191751480102539
0.20007944107055664
0.05997323989868164
0.07265853881835938
0.008351325988769531
0.0633842945098877
0.20014452934265137
0.05842852592468262
0.05942654609680176
0.08497953414916992
0.06931805610656738
0.20571422576904297
0.06968116760253906
0.06044793128967285
0.06375360488891602
0.0599215030670166
0.23407602310180664
0.009656190872192383
0.0572361946105957
0.04299783706665039
0.06981635093688965
0.019824504852294922
0.2443835735321045
0.057714223861694336
0.022997379302978516
0.01170039176940918
0.05301356315612793
0.27405214309692383
0.030253887176513672
0.055115461349487305
0.2116231918334961
0.049961090087890625
0.04624509811401367
0.007815837860107422
0.045232534408569336
0.17380094528198242
0.03735518455505371
0.030568361282348633
0.021384239196777344
0.04068279266357422
0.15316224098205566
0.04786396026611328
0.03358030319213867
0.03152823448181152
0.08066129684448242
0.02129840850830078
0.010789871215820312
0.04992556571960449
0.010150909423828125
0.020973920822143555
0.04570150375366211
0.037108659744262695
0.08181142807006836
0.010145902633666992
0.039048194885253906
0.01894378662109375
0.03504490852355957
0.04275345802307129
0.05604672431945801
0.029897451400756836
0.04987359046936035
0.030912160873413086
0.03552436828613281
0.03841733932495117
0.04068732261657715
0.06821227073669434
0.04439401626586914
0.03416776657104492
0.052700042724609375
0.04530525207519531
0.021679162979125977
0.165757417678833
0.06708765029907227
0.05114889144897461
0.06981706619262695
0.007843255996704102
0.17713665962219238
0.05699777603149414
0.06600499153137207
0.04188108444213867
0.06776666641235352
0.06402420997619629
0.15510058403015137
0.07114338874816895
0.12468290328979492
0.06801009178161621
0.053954124450683594
0.02207183837890625
0.1021726131439209
0.058767080307006836
0.18901586532592773
0.06160688400268555
0.061388492584228516
0.08083772659301758
0.008383512496948242
0.08025360107421875
0.17601490020751953
0.06696367263793945
0.08533644676208496
0.019095659255981445
0.05404543876647949
0.20671343803405762
0.020084142684936523
0.05504918098449707
0.050000905990600586
0.04732990264892578
0.05361127853393555
0.16891908645629883
0.045920610427856445
0.05901741981506348
0.008299112319946289
0.04945063591003418
0.15853500366210938
0.049071311950683594
0.05176734924316406
0.045659780502319336
0.04803895950317383
0.1728043556213379
0.04390096664428711
0.06009674072265625
0.019998788833618164
0.02088022232055664
0.04913973808288574
0.1632986068725586
0.05896592140197754
0.023235797882080078
0.04352307319641113
0.036240339279174805
0.14823246002197266
0.00755620002746582
0.03293275833129883
0.041927337646484375
0.019802570343017578
0.05041313171386719
0.04668259620666504
0.022873878479003906
0.04083871841430664
0.012009382247924805
0.17604970932006836
0.05210685729980469
0.042931556701660156
0.05832862854003906
0.059601783752441406
0.20130634307861328
0.05882859230041504
0.07297325134277344
0.054627418518066406
0.05444145202636719
0.14072179794311523
0.010168313980102539
0.06311988830566406
0.18329572677612305
0.020052194595336914
0.1769864559173584
0.05756664276123047
0.061402082443237305
0.12099194526672363
0.06391644477844238
0.06207776069641113
0.1340315341949463
0.06180906295776367
0.07591629028320312
0.10393023490905762
0.07661676406860352
0.0643014907836914
0.1759326457977295
0.06301760673522949
0.1368408203125
0.053277015686035156
0.06395936012268066
0.11365699768066406
0.05006217956542969
0.1318349838256836
0.007699012756347656
0.04173755645751953
0.035637617111206055
0.03181624412536621
0.04119682312011719
0.029410123825073242
0.07058525085449219
0.04588484764099121
0.0410618782043457
0.04594230651855469
0.0637669563293457
0.052672386169433594
0.13846611976623535
0.007899284362792969
0.15503311157226562
0.07031488418579102
0.05549931526184082
0.0818336009979248
0.056375980377197266
0.022397518157958984
0.1752173900604248
0.05791473388671875
0.10994577407836914
0.021933794021606445
0.06913495063781738
0.18579888343811035
0.009665727615356445
0.05422234535217285
0.08991241455078125
0.05619049072265625
0.1769552230834961
0.058182477951049805
0.06302285194396973
0.053951263427734375
0.05384111404418945
0.01853322982788086
0.18097567558288574
0.049894094467163086
0.05011415481567383
0.05488419532775879
0.06195187568664551
0.18260550498962402
0.05254983901977539
0.061629295349121094
0.008544921875
0.07062077522277832
0.021750450134277344
0.2348480224609375
0.06343340873718262
0.02064204216003418
0.01989150047302246
0.05311465263366699
0.20084667205810547
0.045215606689453125
0.05986332893371582
0.0119171142578125
0.05114865303039551
0.19710016250610352
0.04010891914367676
0.009817123413085938
0.04713869094848633
0.06583642959594727
0.030855178833007812
0.024899721145629883
0.010928869247436523
0.11393094062805176
0.05528759956359863
0.05726432800292969
0.011326313018798828
0.009596586227416992
0.04793596267700195
0.20214295387268066
0.057736873626708984
0.04022216796875
0.07903170585632324
0.021629810333251953
0.2191314697265625
0.05399131774902344
0.059931278228759766
0.009868383407592773
0.0607912540435791
0.25121212005615234
0.0798041820526123
0.012893438339233398
0.09523797035217285
0.05959296226501465
0.19697117805480957
0.008119821548461914
0.0630946159362793
0.1357104778289795
0.05625200271606445
0.16677427291870117
0.05598568916320801
0.06792473793029785
0.09398341178894043
0.05615353584289551
0.00982666015625
0.17675113677978516
0.008039474487304688
0.058074235916137695
0.1208806037902832
0.05787348747253418
0.06325578689575195
0.15288376808166504
0.012980222702026367
0.19273710250854492
0.01108098030090332
0.06572365760803223
0.11998629570007324
0.04613780975341797
0.02014899253845215
0.11082792282104492
0.0420074462890625
0.10080289840698242
0.03219175338745117
0.03211092948913574
0.038572072982788086
0.009063959121704102
0.030846595764160156
0.026888132095336914
0.03396296501159668
0.02676081657409668
0.011862754821777344
0.03304767608642578
0.09180021286010742
0.06746935844421387
0.05553245544433594
0.02001810073852539
0.07016181945800781
0.16967296600341797
0.007162809371948242
0.07209515571594238
0.09309554100036621
0.06259298324584961
0.06395196914672852
0.1759641170501709
0.06486892700195312
0.14250397682189941
0.06255650520324707
0.060076236724853516
0.11519312858581543
0.06194138526916504
0.07683253288269043
0.15901398658752441
0.05883383750915527
0.14610600471496582
0.012300729751586914
0.05744814872741699
0.14557170867919922
0.053049325942993164
0.05321192741394043
0.11487770080566406
0.009785890579223633
0.06310248374938965
0.11286187171936035
0.05595731735229492
0.05492687225341797
0.11614131927490234
0.057244300842285156
0.1772921085357666
0.060164451599121094
0.05703544616699219
0.0371553897857666
0.06920027732849121
0.009563922882080078
0.22397732734680176
0.03522944450378418
0.03298664093017578
0.17392516136169434
0.009742021560668945
0.02731156349182129
0.03301835060119629
0.06369352340698242
0.04415464401245117
0.05956459045410156
0.08304619789123535
0.050060272216796875
0.15178823471069336
0.051969051361083984
0.0563812255859375
0.09171032905578613
0.020857572555541992
0.06910061836242676
0.14479899406433105
0.06704521179199219
0.13088536262512207
0.02136373519897461
0.06066703796386719
0.06885719299316406
0.11482357978820801
0.061498165130615234
0.18253636360168457
0.01980137825012207
0.06258535385131836
0.14338922500610352
0.009217977523803711
0.07201528549194336
0.16575860977172852
0.07212686538696289
0.010267972946166992
0.13558101654052734
0.0731344223022461
0.010799407958984375
0.19988584518432617
0.06101799011230469
0.10625052452087402
0.056771278381347656
0.05668306350708008
0.14995980262756348
0.007434368133544922
0.04771280288696289
0.09421586990356445
0.04375791549682617
0.13707900047302246
0.00888824462890625
0.046198129653930664
0.03889060020446777
0.02254486083984375
0.042304277420043945
0.051851749420166016
0.05089879035949707
0.011097192764282227
0.034143686294555664
0.021523714065551758
0.11412429809570312
0.058811187744140625
0.05440092086791992
0.009713888168334961
0.04916882514953613
0.16870737075805664
0.05312752723693848
0.010869264602661133
0.06887125968933105
0.05608010292053223
0.05877232551574707
0.18001484870910645
0.06385540962219238
0.10604190826416016
0.06397294998168945
0.07404088973999023
0.1294567584991455
0.06735587120056152
0.06603336334228516
0.1859748363494873
0.06703615188598633
0.011420011520385742
0.13148260116577148
0.059958696365356445
0.06608057022094727
0.1725168228149414
0.060455322265625
0.1526479721069336
0.011004447937011719
0.060968875885009766
0.13414382934570312
0.05259275436401367
0.0551762580871582
0.12261176109313965
0.0529637336730957
0.054218292236328125
0.10307526588439941
0.06470036506652832
0.053160667419433594
0.13676667213439941
0.049842119216918945
0.10719609260559082
0.008784770965576172
0.0431978702545166
0.11976122856140137
0.04225325584411621
0.019626379013061523
0.10833072662353516
0.03966116905212402
0.04113626480102539
0.05590510368347168
0.06759834289550781
0.09536051750183105
0.008808135986328125
0.01004934310913086
0.08092188835144043
0.009958505630493164
0.009775400161743164
0.03850126266479492
0.08347415924072266
0.050269126892089844
0.04869556427001953
0.08095717430114746
0.06493067741394043
0.15285778045654297
0.058498382568359375
0.0595860481262207
0.007894039154052734
0.08597731590270996
0.07924818992614746
0.18764305114746094
0.06188559532165527
0.008178234100341797
0.10763001441955566
0.06141543388366699
0.06072735786437988
0.19015264511108398
0.008783817291259766
0.06292366981506348
0.12319684028625488
0.06462240219116211
0.061155080795288086
0.17477703094482422
0.06914782524108887
0.1459054946899414
0.008937597274780273
0.06125974655151367
0.18352055549621582
0.06112217903137207
0.0644831657409668
0.12666559219360352
0.06166648864746094
0.00929403305053711
0.1685330867767334
0.05518484115600586
0.13882207870483398
0.00812077522277832
0.04875802993774414
0.05924367904663086
0.09970211982727051
0.03574538230895996
0.11336755752563477
0.025301456451416016
0.03317880630493164
0.037600040435791016
0.04134774208068848
0.05084490776062012
0.044623374938964844
0.043978214263916016
0.033396005630493164
0.08544659614562988
0.05513501167297363
0.011599063873291016
0.11332225799560547
0.006887197494506836
0.05600476264953613
0.09493112564086914
0.047742366790771484
0.14902806282043457
0.05611467361450195
0.05389976501464844
0.07169508934020996
0.060126543045043945
0.20010709762573242
0.06203174591064453
0.0597076416015625
0.06405448913574219
0.06911921501159668
0.06399250030517578
0.16005587577819824
0.06043815612792969
0.15730595588684082
0.009670734405517578
0.06025886535644531
0.16594505310058594
0.008624076843261719
0.0568385124206543
0.10667228698730469
0.07070255279541016
0.013093233108520508
0.17350411415100098
0.053030967712402344
0.07289457321166992
0.05198311805725098
0.06314206123352051
0.10895943641662598
0.050292253494262695
0.05463361740112305
0.10946059226989746
0.04837465286254883
0.11391949653625488
0.03904891014099121
0.048027992248535156
0.07684540748596191
0.009115219116210938
0.05798482894897461
0.08485865592956543
0.04288482666015625
0.10001921653747559
0.010825395584106445
0.036238908767700195
0.07878303527832031
0.03502011299133301
0.02921009063720703
0.03775644302368164
0.1337261199951172
0.057341814041137695
0.030432701110839844
0.06059694290161133
0.044115304946899414
0.13517284393310547
0.0536346435546875
0.07317185401916504
0.0547945499420166
0.04708528518676758
0.14372467994689941
0.008327722549438477
0.05494856834411621
0.09691381454467773
0.05876970291137695
0.16285943984985352
0.0071108341217041016
0.054695844650268555
0.1289815902709961
0.011158227920532227
0.052965641021728516
0.09691023826599121
0.06698322296142578
0.16008472442626953
0.019881010055541992
0.02187204360961914
0.19600629806518555
0.007880926132202148
0.07112669944763184
0.09984707832336426
0.060882568359375
0.061098337173461914
0.18990564346313477
0.07494926452636719
0.08690071105957031
0.02085590362548828
0.05623435974121094
0.18376946449279785
0.008079767227172852
0.07151246070861816
0.07572269439697266
0.032582759857177734
0.11654162406921387
0.020369768142700195
0.03362846374511719
0.010951995849609375
0.029920578002929688
0.037076473236083984
0.03306698799133301
0.023021459579467773
0.011500120162963867
0.05325150489807129
0.058777570724487305
0.007930517196655273
0.09098553657531738
0.07691216468811035
0.04622626304626465
0.020665407180786133
0.11741375923156738
0.05170869827270508
0.06781196594238281
0.07378745079040527
0.07502150535583496
0.15413475036621094
0.057105302810668945
0.06250691413879395
0.04855656623840332
0.06441926956176758
0.0572054386138916
0.2149181365966797
0.059816598892211914
0.09519433975219727
0.05811357498168945
0.06949472427368164
0.17429542541503906
0.02061915397644043
0.061456918716430664
0.08481144905090332
0.056595563888549805
0.19499468803405762
0.008099555969238281
0.055991411209106445
0.09710550308227539
0.05446338653564453
0.052213191986083984
0.10404419898986816
0.04374814033508301
0.05410885810852051
0.12873435020446777
0.057910919189453125
0.08709073066711426
0.009934186935424805
0.043045759201049805
0.0969092845916748
0.04141592979431152
0.04355788230895996
0.04718470573425293
0.04069828987121582
0.09910345077514648
0.03186678886413574
0.026350736618041992
0.032875776290893555
0.009304046630859375
0.03540992736816406
0.04471087455749512
0.022932052612304688
0.07827973365783691
0.010644197463989258
0.04104328155517578
0.08193731307983398
0.04509139060974121
0.051668405532836914
0.090087890625
0.05296468734741211
0.14100027084350586
0.02238178253173828
0.06358170509338379
0.07689881324768066
0.06693339347839355
0.06201314926147461
0.11921882629394531
0.07069158554077148
0.11103439331054688
0.021043777465820312
0.05843305587768555
0.16998958587646484
0.013604164123535156
0.05572390556335449
0.08886981010437012
0.05620884895324707
0.17865729331970215
0.05082249641418457
0.054173946380615234
0.060881853103637695
0.05283069610595703
0.008554458618164062
0.17965221405029297
0.07345175743103027
0.008121967315673828
0.07008147239685059
0.05288076400756836
0.17780518531799316
0.009132862091064453
0.047044992446899414
0.05775856971740723
0.04415106773376465
0.04884529113769531
0.13778209686279297
0.03824305534362793
0.0548098087310791
0.011685609817504883
0.03406858444213867
0.10216903686523438
0.007161855697631836
0.02234053611755371
0.05186319351196289
0.04082298278808594
0.04106330871582031
0.05166983604431152
0.018798351287841797
0.05402016639709473
0.1044456958770752
0.04850649833679199
0.10543227195739746
0.008414506912231445
0.05214738845825195
0.1533677577972412
0.05349087715148926
0.054816484451293945
0.04685163497924805
0.050983428955078125
0.05116724967956543
0.19601821899414062
0.06488752365112305
0.03575849533081055
0.049277305603027344
0.05080533027648926
0.15369701385498047
0.06707167625427246
0.019963741302490234
0.08754348754882812
0.06336402893066406
0.15911364555358887
0.06181597709655762
0.010947227478027344
0.03512382507324219
0.04695582389831543
0.06177520751953125
0.18825626373291016
0.009610414505004883
0.04410052299499512
0.01502847671508789
0.04386401176452637
0.04912900924682617
0.17670488357543945
0.04534029960632324
0.03866076469421387
0.045908451080322266
0.05430126190185547
0.09959244728088379
0.05582118034362793
0.04213428497314453
0.08898591995239258
0.04618501663208008
0.10664510726928711
0.03992915153503418
0.05023360252380371
0.04861593246459961
0.009746789932250977
0.03113389015197754
0.07997584342956543
0.009130001068115234
0.04295039176940918
0.03776264190673828
0.04248452186584473
0.08103537559509277
0.03992176055908203
0.041925907135009766
0.039231300354003906
0.02309441566467285
0.03842902183532715
0.1786184310913086
0.04744100570678711
0.026758909225463867
