0.08274960517883301
0.04015922546386719
0.05776834487915039
0.03164172172546387
0.048033952713012695
0.04611539840698242
0.11874961853027344
0.008070707321166992
0.04031109809875488
0.05446147918701172
0.04008340835571289
0.020721435546875
0.036089420318603516
0.10229134559631348
0.03786492347717285
0.011518716812133789
0.05745387077331543
0.03959798812866211
0.03818392753601074
0.09391951560974121
0.04183244705200195
0.04076027870178223
0.0640861988067627
0.02244281768798828
0.04310417175292969
0.1079702377319336
0.0422821044921875
0.042502403259277344
0.07460379600524902
0.041373252868652344
0.04318118095397949
0.07784390449523926
0.010226964950561523
0.041785478591918945
0.13773131370544434
0.0344538688659668
0.0119781494140625
0.04754328727722168
0.009751081466674805
0.03628087043762207
0.11062216758728027
0.03810000419616699
0.011821269989013672
0.06316900253295898
0.01080012321472168
0.03205990791320801
0.07380843162536621
0.007143497467041016
0.011886835098266602
0.05117392539978027
0.028165817260742188
0.03663969039916992
0.00801849365234375
0.011778831481933594
0.03692054748535156
0.11487889289855957
0.04449462890625
0.042336225509643555
0.009641885757446289
0.0331425666809082
0.09891796112060547
0.04933738708496094
0.020108699798583984
0.017800569534301758
0.030190229415893555
0.0949864387512207
0.033826351165771484
0.031091690063476562
0.011696338653564453
0.06811213493347168
0.02620220184326172
0.010959386825561523
0.02739119529724121
0.024524450302124023
0.03184199333190918
0.019891977310180664
0.006941795349121094
0.023181438446044922
0.014631032943725586
0.008061647415161133
0.03406667709350586
0.009913444519042969
0.024075746536254883
0.020061492919921875
0.010387420654296875
0.010120630264282227
0.030753612518310547
0.01621413230895996
0.02685546875
0.028455495834350586
0.04357123374938965
0.009838581085205078
0.04194307327270508
0.059848785400390625
0.047399044036865234
0.0377504825592041
0.05588221549987793
0.011827230453491211
0.04990386962890625
0.11499929428100586
0.03706622123718262
0.04998660087585449
0.014838457107543945
0.03498029708862305
0.04033541679382324
0.034079790115356445
0.11548709869384766
0.03494906425476074
0.04808950424194336
0.024814605712890625
0.032047271728515625
0.026956558227539062
0.058954715728759766
0.019960403442382812
0.026172399520874023
0.025090932846069336
0.0358579158782959
0.009491920471191406
0.07341170310974121
0.040206193923950195
0.04306197166442871
0.0364687442779541
0.045754432678222656
0.04604935646057129
0.15722179412841797
0.021598100662231445
0.055175065994262695
0.04993700981140137
0.018907546997070312
0.03816556930541992
0.04158973693847656
0.1202385425567627
0.04178023338317871
0.036965370178222656
0.03164982795715332
0.03714728355407715
0.04016828536987305
0.1360766887664795
0.04691505432128906
0.035178184509277344
0.0270233154296875
0.027570724487304688
0.017732620239257812
0.10115599632263184
0.010030746459960938
0.025202035903930664
0.014197111129760742
0.0369565486907959
0.031838178634643555
0.013248205184936523
0.037706613540649414
0.04890131950378418
0.048850059509277344
0.0400393009185791
0.04001808166503906
0.0950627326965332
0.007884979248046875
0.053087711334228516
0.11079597473144531
0.010834693908691406
0.050112247467041016
0.0629265308380127
0.10199928283691406
0.06296420097351074
0.05397820472717285
0.10715579986572266
0.05252575874328613
0.06515383720397949
0.0958859920501709
0.05169534683227539
0.05626511573791504
0.1571946144104004
0.00850057601928711
0.05231213569641113
0.1124122142791748
0.04408383369445801
0.04028129577636719
0.0509190559387207
0.06807804107666016
0.06969571113586426
0.008845329284667969
0.12379121780395508
0.007046222686767578
0.04206562042236328
0.09880661964416504
0.020073652267456055
0.04024624824523926
0.05567145347595215
0.0758810043334961
0.040041208267211914
0.04113459587097168
0.09302163124084473
0.038529157638549805
0.031032562255859375
0.09507226943969727
0.04986715316772461
0.011105060577392578
0.0444793701171875
0.01139974594116211
0.04803109169006348
0.12404656410217285
0.050922393798828125
0.019722938537597656
0.033026695251464844
0.03793954849243164
0.038179874420166016
0.08780860900878906
0.04085230827331543
0.011022806167602539
0.03188967704772949
0.02939891815185547
0.03909587860107422
0.03074336051940918
0.05677008628845215
0.03699231147766113
0.06490659713745117
0.039037466049194336
0.03286910057067871
0.02691054344177246
0.020862579345703125
0.02820110321044922
0.010646343231201172
0.10303854942321777
0.0335693359375
0.021773815155029297
0.0360257625579834
0.008985757827758789
0.13489675521850586
0.041202545166015625
0.036371469497680664
0.044994354248046875
0.05687737464904785
0.14874053001403809
0.01896953582763672
0.04343223571777344
0.06763076782226562
0.047170400619506836
0.007604837417602539
0.19016528129577637
0.007933855056762695
0.050870656967163086
0.06315040588378906
0.02576589584350586
0.05113959312438965
0.22886991500854492
0.008965730667114258
0.04608511924743652
0.03396177291870117
0.01415395736694336
0.05771970748901367
0.21193766593933105
0.010846614837646484
0.0430908203125
0.013172388076782227
0.04032707214355469
0.04577136039733887
0.12163519859313965
0.03926563262939453
0.040654659271240234
0.04131674766540527
0.03876376152038574
0.03708386421203613
0.09570550918579102
0.03922629356384277
0.027957916259765625
0.03978109359741211
0.020917654037475586
0.024104833602905273
0.03282308578491211
0.026347875595092773
0.026748180389404297
0.06805610656738281
0.025790691375732422
0.01020503044128418
0.03701329231262207
0.028795719146728516
0.03991198539733887
0.03797030448913574
0.025890111923217773
0.00995016098022461
0.04607987403869629
0.1047677993774414
0.045275211334228516
0.06676673889160156
0.044774770736694336
0.010195016860961914
0.046834468841552734
0.1721811294555664
0.052613258361816406
0.04817938804626465
0.03506159782409668
0.04990267753601074
0.0530240535736084
0.16477108001708984
0.052121877670288086
0.052124977111816406
0.04702281951904297
0.05177044868469238
0.04925251007080078
0.19381141662597656
0.049627065658569336
0.049078941345214844
0.0138397216796875
0.0625920295715332
0.058116912841796875
0.18811893463134766
0.04799938201904297
0.020796537399291992
0.04229450225830078
0.04766845703125
0.04714059829711914
0.1509716510772705
0.04405665397644043
0.044661521911621094
0.04492640495300293
0.053869009017944336
0.008358240127563477
0.08271384239196777
0.0224301815032959
0.030950546264648438
0.02786731719970703
0.022688627243041992
0.032408714294433594
0.07474207878112793
0.027886390686035156
0.011279821395874023
0.0366673469543457
0.008138895034790039
0.03996467590332031
0.04067397117614746
0.10883545875549316
0.06209969520568848
0.04692220687866211
0.0690772533416748
0.009966850280761719
0.04492616653442383
0.16277122497558594
0.04436802864074707
0.04685258865356445
0.031003952026367188
0.059725284576416016
0.04898214340209961
0.1679363250732422
0.04526948928833008
0.009715557098388672
0.06788349151611328
0.009682893753051758
0.05839204788208008
0.00871586799621582
0.14487123489379883
0.045081138610839844
0.0743265151977539
0.0425267219543457
0.044881343841552734
0.1111745834350586
0.043717145919799805
0.05005192756652832
0.08789896965026855
0.03809070587158203
0.04372715950012207
0.06359243392944336
0.03643608093261719
0.03795123100280762
0.0372772216796875
0.07758784294128418
0.03228139877319336
0.020737409591674805
0.06709623336791992
0.033935546875
0.0698544979095459
0.010223388671875
0.04090762138366699
0.02251267433166504
0.04820704460144043
0.008965730667114258
0.07931327819824219
0.03530001640319824
0.011017799377441406
0.03583264350891113
0.02911853790283203
0.07709264755249023
0.020436763763427734
0.03020644187927246
0.01976776123046875
0.012053728103637695
0.03313398361206055
0.02962803840637207
0.06308388710021973
0.047087907791137695
0.03786301612854004
0.027815580368041992
0.051056623458862305
0.011815071105957031
0.15810203552246094
0.04386615753173828
0.04608440399169922
0.009743690490722656
0.047562599182128906
0.061591386795043945
0.18659639358520508
0.05324697494506836
0.05593419075012207
0.021730899810791016
0.018026113510131836
0.06606268882751465
0.053221702575683594
0.21869826316833496
0.0660550594329834
0.0617825984954834
0.020074844360351562
0.06568026542663574
0.048105716705322266
0.23626971244812012
0.00790858268737793
0.05147409439086914
0.01997828483581543
0.011225223541259766
0.060721397399902344
0.05008983612060547
0.20695853233337402
0.041074275970458984
0.03564929962158203
0.051482200622558594
0.04969429969787598
0.11698317527770996
0.00703883171081543
0.03317856788635254
0.028866052627563477
0.03217172622680664
0.007569551467895508
0.09188985824584961
0.024142980575561523
0.009873390197753906
0.05386710166931152
0.007939577102661133
0.007960319519042969
0.028107166290283203
0.020269393920898438
0.03630638122558594
0.011544942855834961
0.04212832450866699
0.03692960739135742
0.03967404365539551
0.03925609588623047
0.04405617713928223
0.04674124717712402
0.10591888427734375
0.048943519592285156
0.010812997817993164
0.10722780227661133
0.04890155792236328
0.009708642959594727
0.14812374114990234
0.05005621910095215
0.04988288879394531
0.05384659767150879
0.06319499015808105
0.05283641815185547
0.1840524673461914
0.07093429565429688
0.01854085922241211
0.06736254692077637
0.050031185150146484
0.05384993553161621
0.15599584579467773
0.05613994598388672
0.044779300689697266
0.05728292465209961
0.018085479736328125
0.05767941474914551
0.045074462890625
0.15553998947143555
0.05096268653869629
0.04898238182067871
0.025632143020629883
0.049405813217163086
0.03209662437438965
0.1218104362487793
0.030025005340576172
0.03549504280090332
0.02781844139099121
0.02499222755432129
0.08090496063232422
0.007378101348876953
0.021631479263305664
0.027251482009887695
0.030464887619018555
0.02837991714477539
0.027353525161743164
0.028517961502075195
0.031687021255493164
0.10679841041564941
0.007714271545410156
0.04396462440490723
0.055022239685058594
0.02304220199584961
0.04870176315307617
0.050165414810180664
0.16475939750671387
0.06795525550842285
0.009966611862182617
0.09607648849487305
0.05838346481323242
0.02136373519897461
0.1349315643310547
0.020856142044067383
0.048116445541381836
0.09750676155090332
0.009823799133300781
0.0528416633605957
0.18872833251953125
0.008993148803710938
0.07872390747070312
0.035629987716674805
0.045545101165771484
0.046113014221191406
0.04815101623535156
0.15140771865844727
0.044188737869262695
0.04780125617980957
0.05612325668334961
0.038634300231933594
0.008802413940429688
0.15007233619689941
0.03519558906555176
0.034696102142333984
0.020288944244384766
0.03907918930053711
0.033173561096191406
0.0726156234741211
0.024634122848510742
0.009335517883300781
0.03864145278930664
0.0069348812103271484
0.03917384147644043
0.030804872512817383
0.05422210693359375
0.052483320236206055
0.05133652687072754
0.07483482360839844
0.04583859443664551
0.045057058334350586
0.10887384414672852
0.04697823524475098
0.04798698425292969
0.007967710494995117
0.10239672660827637
0.05185270309448242
0.14488887786865234
0.05477023124694824
0.05285906791687012
0.05091118812561035
0.04616284370422363
0.008892059326171875
0.06331396102905273
0.19567227363586426
0.06396675109863281
0.03894472122192383
0.07098031044006348
0.009101152420043945
0.010740518569946289
0.16884994506835938
0.05516457557678223
0.04584503173828125
0.007061958312988281
0.04388165473937988
0.05111432075500488
0.12408161163330078
0.051625967025756836
0.04160666465759277
0.011589288711547852
0.047833919525146484
0.036885976791381836
0.13478612899780273
0.026186227798461914
0.028282880783081055
0.0268096923828125
0.06371784210205078
0.030391216278076172
0.025362253189086914
0.03113555908203125
0.03781604766845703
0.03443431854248047
0.06549811363220215
0.03929567337036133
0.011786937713623047
0.07575416564941406
0.04310202598571777
0.04071760177612305
0.07787728309631348
0.05547285079956055
0.04676938056945801
0.09296059608459473
0.04793906211853027
0.05004572868347168
0.07766914367675781
0.050080060958862305
0.049846649169921875
0.14798784255981445
0.05094718933105469
0.05129122734069824
0.04968762397766113
0.052030086517333984
0.05187726020812988
0.1558835506439209
0.05234575271606445
0.01958465576171875
0.12137198448181152
0.053623199462890625
0.05007672309875488
0.09395813941955566
0.049834251403808594
0.04897451400756836
0.13924741744995117
0.05646777153015137
0.05806541442871094
0.02318572998046875
0.04183340072631836
0.043089866638183594
0.14667797088623047
0.03704500198364258
0.03788423538208008
0.021858930587768555
0.01995372772216797
0.040097951889038086
0.08698081970214844
0.0279538631439209
0.015140056610107422
0.009824752807617188
0.03801989555358887
0.03394055366516113
0.010725975036621094
0.012193918228149414
0.0289304256439209
0.02608942985534668
0.021384239196777344
0.0210418701171875
0.038210153579711914
0.014813661575317383
0.029089689254760742
0.03690171241760254
0.010845184326171875
0.031481266021728516
0.02037215232849121
0.04792976379394531
0.010889530181884766
0.03308892250061035
0.07090950012207031
0.04019665718078613
0.04659271240234375
0.039055824279785156
0.056882619857788086
0.008999824523925781
0.047089338302612305
0.1448812484741211
0.048021554946899414
0.048933982849121094
0.07517004013061523
0.05877971649169922
0.05231428146362305
0.10337305068969727
0.07234811782836914
0.021570682525634766
0.11896657943725586
0.045992136001586914
0.043283939361572266
0.0639951229095459
0.04677128791809082
0.010942935943603516
0.19812965393066406
0.04678082466125488
0.03630232810974121
0.023674726486206055
0.05605649948120117
0.04479622840881348
0.15824055671691895
0.009339570999145508
0.045477867126464844
0.027868270874023438
0.037778615951538086
0.04610300064086914
0.04204821586608887
0.09594082832336426
0.031870365142822266
0.0688619613647461
0.009850502014160156
0.03210186958312988
0.03209328651428223
0.04577517509460449
0.030985116958618164
0.043233633041381836
0.015358209609985352
0.030420303344726562
0.031937599182128906
0.08320450782775879
0.03580522537231445
0.021467924118041992
0.033101558685302734
0.029144287109375
0.048105716705322266
0.02686309814453125
0.01103067398071289
0.011572837829589844
0.03182625770568848
0.03342628479003906
0.08007216453552246
0.009864091873168945
0.0408787727355957
0.08189964294433594
0.008237123489379883
0.044779062271118164
0.13774585723876953
0.008008480072021484
0.05650901794433594
0.0825347900390625
0.048708438873291016
0.0071260929107666016
0.15938544273376465
0.05351090431213379
0.010299444198608398
0.051162004470825195
0.08662128448486328
0.06400203704833984
0.18412232398986816
0.06348466873168945
0.008170604705810547
0.05401301383972168
0.05292534828186035
0.05093216896057129
0.05084657669067383
0.1672375202178955
0.049736976623535156
0.049265146255493164
0.038845062255859375
0.04566144943237305
0.05723762512207031
0.1689894199371338
0.009836912155151367
0.0332183837890625
0.031613826751708984
0.013629674911499023
0.02931976318359375
0.03800797462463379
0.016215085983276367
0.028713226318359375
0.018722057342529297
0.027898788452148438
0.036278724670410156
0.025116920471191406
0.03484344482421875
0.03552556037902832
0.04722738265991211
0.0389866828918457
0.054946184158325195
0.10095667839050293
0.015291213989257812
0.04481816291809082
0.09959268569946289
0.011770486831665039
0.04445672035217285
0.11766648292541504
0.007827281951904297
0.04740571975708008
0.11742758750915527
0.049057722091674805
0.008578777313232422
0.09837532043457031
0.008103132247924805
0.04879307746887207
0.046044349670410156
0.12321352958679199
0.04590630531311035
0.04898715019226074
0.07772707939147949
0.04665827751159668
0.15236639976501465
0.05736827850341797
0.044464826583862305
0.046015024185180664
0.019803524017333984
0.04706764221191406
0.045987844467163086
0.17078518867492676
0.0442354679107666
0.036730289459228516
0.020246267318725586
0.05595874786376953
0.022526264190673828
0.009178400039672852
0.14682650566101074
0.037143707275390625
0.012004852294921875
0.02998971939086914
0.03314065933227539
0.12070107460021973
0.009963274002075195
0.028648853302001953
0.011415719985961914
0.030323028564453125
0.05353879928588867
0.03104710578918457
0.03381633758544922
0.02736806869506836
0.023680686950683594
0.028217077255249023
0.029132366180419922
0.05402016639709473
0.035979270935058594
0.01172780990600586
0.09995269775390625
0.054224252700805664
0.04371905326843262
0.030338048934936523
0.04674577713012695
0.04595470428466797
0.16308069229125977
0.052587032318115234
0.046947479248046875
0.02279210090637207
0.04635047912597656
0.047882795333862305
0.21585392951965332
0.06071591377258301
0.010979413986206055
0.01998591423034668
0.04999971389770508
0.048955440521240234
0.1912546157836914
0.05961918830871582
0.03706002235412598
0.048902034759521484
0.08409881591796875
0.11581540107727051
0.009738922119140625
0.0411381721496582
0.047212839126586914
0.08772873878479004
0.04313826560974121
0.11664772033691406
0.008404731750488281
0.04021883010864258
0.03618502616882324
0.04548311233520508
0.021593809127807617
0.03510284423828125
0.10722470283508301
0.04643583297729492
0.03818988800048828
0.022760391235351562
0.008188486099243164
0.03306102752685547
0.09741806983947754
0.030179262161254883
0.020758867263793945
0.03517031669616699
0.03911733627319336
0.034879207611083984
0.04596757888793945
0.027945995330810547
0.05828690528869629
0.04662466049194336
0.1350090503692627
0.010624885559082031
0.05438876152038574
0.08866477012634277
0.048952341079711914
0.05213785171508789
0.10057473182678223
0.04720449447631836
0.008621454238891602
0.16124534606933594
0.05673360824584961
0.04890584945678711
0.018253087997436523
0.048818349838256836
0.0490264892578125
0.1920788288116455
0.007630109786987305
0.054396867752075195
0.020659446716308594
0.046478271484375
0.05943608283996582
0.14436030387878418
0.05541372299194336
0.048675537109375
0.03809928894042969
0.04696393013000488
0.053164005279541016
0.12009668350219727
0.04246950149536133
0.03825187683105469
0.07865667343139648
0.03934645652770996
0.04092097282409668
0.07062149047851562
0.04661273956298828
0.056247711181640625
0.02565312385559082
0.024532556533813477
0.030794382095336914
0.11389636993408203
0.011492729187011719
0.011539697647094727
0.026514768600463867
0.029392480850219727
0.03583884239196777
0.040247440338134766
0.02204155921936035
0.009772539138793945
0.036820173263549805
0.08340311050415039
0.039403676986694336
0.0350494384765625
0.06084942817687988
0.022098541259765625
0.04503440856933594
0.10580062866210938
0.04434061050415039
0.04196333885192871
0.07184147834777832
0.008833169937133789
0.06395459175109863
0.00991511344909668
0.1319127082824707
0.04999995231628418
0.050887107849121094
0.05100393295288086
0.04709339141845703
0.049315452575683594
0.18248414993286133
0.00795745849609375
0.05797123908996582
0.05230903625488281
0.05169391632080078
0.06781601905822754
0.15201139450073242
0.06077432632446289
0.019332408905029297
0.05783557891845703
0.04576444625854492
0.04306817054748535
0.14633941650390625
0.019109725952148438
0.04234051704406738
0.033896446228027344
0.008095026016235352
0.036350250244140625
0.044083595275878906
0.10131549835205078
0.0339047908782959
0.031148672103881836
0.016854524612426758
0.04665207862854004
0.03471684455871582
0.062165021896362305
0.03877854347229004
0.05477285385131836
0.0912477970123291
0.019812345504760742
0.044104576110839844
0.08189153671264648
0.05572819709777832
0.011114120483398438
0.12892794609069824
0.009904861450195312
0.04589271545410156
0.09633159637451172
0.043723106384277344
0.044873714447021484
0.10314011573791504
0.04790925979614258
0.045577049255371094
0.009543418884277344
0.09258651733398438
0.047286272048950195
0.019681930541992188
0.1313190460205078
0.04513216018676758
0.043482303619384766
0.07537126541137695
0.009447097778320312
0.05524873733520508
0.12369012832641602
0.00751495361328125
0.040422916412353516
0.04217648506164551
0.06587386131286621
0.03723311424255371
0.04086589813232422
0.07588839530944824
0.03217196464538574
0.09659552574157715
0.037915706634521484
0.031035423278808594
0.034331321716308594
0.022341251373291016
0.030975341796875
0.026378154754638672
0.0907280445098877
0.027172565460205078
0.01959228515625
0.02954888343811035
0.011479616165161133
0.06842803955078125
0.008924007415771484
0.023958444595336914
0.022097110748291016
0.040117740631103516
0.03670835494995117
0.03311657905578613
0.05978202819824219
0.03935408592224121
0.12665581703186035
0.04401230812072754
0.04377412796020508
0.04629254341125488
0.016845703125
0.057849884033203125
0.04699206352233887
