0.09675931930541992
0.1393880844116211
0.040119171142578125
0.17622113227844238
0.017836570739746094
0.16768598556518555
0.05328249931335449
0.027157306671142578
0.1816234588623047
0.02476048469543457
0.1795799732208252
0.03562045097351074
0.02071404457092285
0.20710039138793945
0.034017324447631836
0.17940616607666016
0.03617286682128906
0.15865731239318848
0.01996469497680664
0.045296669006347656
0.14763331413269043
0.06409001350402832
0.04995298385620117
0.09995150566101074
0.11234307289123535
0.13935565948486328
0.01984119415283203
0.05221438407897949
0.14120125770568848
0.05343508720397949
0.13822484016418457
0.05330491065979004
0.034752845764160156
0.14466404914855957
0.03798413276672363
0.15429902076721191
0.03568124771118164
0.04906415939331055
0.14873623847961426
0.033493995666503906
0.14450502395629883
0.04398298263549805
0.04707646369934082
0.0858604907989502
0.11480712890625
0.007973194122314453
0.0833585262298584
0.10172867774963379
0.07991838455200195
0.1044149398803711
0.062441110610961914
0.007911920547485352
0.10796332359313965
0.031111478805541992
0.09663891792297363
0.03570556640625
0.08935356140136719
0.05196189880371094
0.03266787528991699
0.04508256912231445
0.0839071273803711
0.02991175651550293
0.09007048606872559
0.020616531372070312
0.04229879379272461
0.0920259952545166
0.022782325744628906
0.08578205108642578
0.023084640502929688
0.009304046630859375
0.09061312675476074
0.011060476303100586
0.08409452438354492
0.018011808395385742
0.008865833282470703
0.08280253410339355
0.008861064910888672
0.06995820999145508
0.012054920196533203
0.010984420776367188
0.05804753303527832
0.00859975814819336
0.06402277946472168
0.010251998901367188
0.050226688385009766
0.020219087600708008
0.0698084831237793
0.009747982025146484
0.04238128662109375
0.0081024169921875
0.008048534393310547
0.0659182071685791
0.010011672973632812
0.07403922080993652
0.019077539443969727
0.08177852630615234
0.03258156776428223
0.048722028732299805
0.009233951568603516
0.008842229843139648
0.06944394111633301
0.010446786880493164
0.06994795799255371
0.02454519271850586
0.07443380355834961
0.01907634735107422
0.043762922286987305
0.07431912422180176
0.046584129333496094
0.0830543041229248
0.05107712745666504
0.009912729263305664
0.10406136512756348
0.04678487777709961
0.10803675651550293
0.05194830894470215
0.019836902618408203
0.0734403133392334
0.13650965690612793
0.04226422309875488
0.1406385898590088
0.0363309383392334
0.010599613189697266
0.14107275009155273
0.0870676040649414
0.11580443382263184
0.06302571296691895
0.04813241958618164
0.05891776084899902
0.11374783515930176
0.08806753158569336
0.07606172561645508
0.044022321701049805
0.03815484046936035
0.11759781837463379
0.040923118591308594
0.13271069526672363
0.04918980598449707
0.10607624053955078
0.0379030704498291
0.09847807884216309
0.03873491287231445
0.04789137840270996
0.08331942558288574
0.0673832893371582
0.0701289176940918
0.061862945556640625
0.06506776809692383
0.0498197078704834
0.04707598686218262
0.0989084243774414
0.04489278793334961
0.12042236328125
0.0596308708190918
0.022122859954833984
0.13637304306030273
0.010289192199707031
0.12700152397155762
0.013437986373901367
0.1204066276550293
0.022843360900878906
0.0989522933959961
0.03789019584655762
0.0960545539855957
0.04711604118347168
0.11707854270935059
0.013150453567504883
0.12158894538879395
0.010300159454345703
0.1257166862487793
0.030106544494628906
0.09686970710754395
0.024230241775512695
0.10259485244750977
0.034369707107543945
0.11853981018066406
0.02101421356201172
0.12257885932922363
0.008950471878051758
0.06811141967773438
0.015027999877929688
0.07814335823059082
0.008652925491333008
0.011559009552001953
0.06921911239624023
0.010220527648925781
0.022507905960083008
0.04987168312072754
0.020240068435668945
0.07785320281982422
0.03739595413208008
0.037370920181274414
0.04378008842468262
0.03471565246582031
0.05496692657470703
0.014293909072875977
0.031197071075439453
0.05153489112854004
0.019262075424194336
0.06978511810302734
0.013536453247070312
0.08001136779785156
0.051009416580200195
0.08585190773010254
0.03935527801513672
0.029845714569091797
0.14094877243041992
0.02790069580078125
0.19789767265319824
0.021140098571777344
0.21616291999816895
0.020837783813476562
0.2062835693359375
0.04101252555847168
0.18198013305664062
0.05186128616333008
0.20806407928466797
0.05130195617675781
0.062036991119384766
0.18842840194702148
0.07297921180725098
0.17893195152282715
0.08112072944641113
0.17975592613220215
0.06203269958496094
0.08705019950866699
0.1668088436126709
0.08492541313171387
0.18436479568481445
0.008496284484863281
0.06594061851501465
0.25726890563964844
0.014759540557861328
0.25135207176208496
0.019777297973632812
0.24617433547973633
0.03194928169250488
0.011956930160522461
0.2318272590637207
0.02001023292541504
0.19594907760620117
0.010342121124267578
0.18167686462402344
0.04085874557495117
0.042266130447387695
0.09378719329833984
0.07795500755310059
0.08887028694152832
0.05799412727355957
0.03886556625366211
0.09139037132263184
0.06747174263000488
0.09811186790466309
0.05982851982116699
0.09319829940795898
0.03688359260559082
0.037317514419555664
0.09383225440979004
0.03189706802368164
0.051673173904418945
0.045914411544799805
0.09541797637939453
0.00908207893371582
0.047142744064331055
0.019777536392211914
0.044562339782714844
0.034712791442871094
0.08147454261779785
0.03562641143798828
0.0753939151763916
0.03483700752258301
0.04396986961364746
0.07097959518432617
0.07970023155212402
0.08597993850708008
0.1027839183807373
0.08093643188476562
0.00702977180480957
0.13297462463378906
0.06511688232421875
0.14478015899658203
0.07081460952758789
0.05303454399108887
0.1000969409942627
0.16200971603393555
0.07279634475708008
0.08089709281921387
0.07529759407043457
0.13866209983825684
0.09413266181945801
0.04999589920043945
0.11910867691040039
0.10771322250366211
0.11697506904602051
0.09994268417358398
0.12908267974853516
0.06870460510253906
0.08426356315612793
0.15165925025939941
0.09129500389099121
0.1495952606201172
0.05909013748168945
0.03829002380371094
0.26863813400268555
0.0201108455657959
0.23797821998596191
0.013262271881103516
0.24198126792907715
0.05958199501037598
0.01948857307434082
0.23253583908081055
0.012111425399780273
0.21974825859069824
0.00923776626586914
0.055796146392822266
0.17780065536499023
0.030103445053100586
0.06402373313903809
0.11821866035461426
0.07560324668884277
0.11198186874389648
0.008904695510864258
0.09719705581665039
0.09479641914367676
0.08078408241271973
0.08811473846435547
0.008033037185668945
0.0668935775756836
0.13622164726257324
0.014052867889404297
0.1348738670349121
0.0198822021484375
0.1381702423095703
0.04677534103393555
0.009881019592285156
0.13833069801330566
0.02060389518737793
0.011062383651733398
0.08524370193481445
0.029586315155029297
0.03206205368041992
0.06020069122314453
0.03492593765258789
0.04291939735412598
0.019135475158691406
0.06015443801879883
0.011637210845947266
0.1000068187713623
0.04143404960632324
0.12970495223999023
0.012129068374633789
0.09873771667480469
0.1432654857635498
0.009587764739990234
0.08929276466369629
0.16677188873291016
0.08394098281860352
0.05977177619934082
0.15740489959716797
0.08863186836242676
0.16285276412963867
0.08623480796813965
0.01949930191040039
0.14129900932312012
0.14574050903320312
0.09698891639709473
0.009181499481201172
0.14882874488830566
0.10980749130249023
0.1550910472869873
0.07214069366455078
0.08368921279907227
0.19536638259887695
0.07647180557250977
0.011267900466918945
0.18366193771362305
0.10505437850952148
0.20815420150756836
0.061101436614990234
0.022868633270263672
0.2229173183441162
0.039435386657714844
0.2053050994873047
0.009060144424438477
0.06799817085266113
0.17807388305664062
0.07119369506835938
0.02228856086730957
0.14137029647827148
0.0967566967010498
0.05716085433959961
0.09260964393615723
0.08704447746276855
0.07088541984558105
0.08211493492126465
0.007758378982543945
0.04798460006713867
0.09995198249816895
0.02694416046142578
0.008059501647949219
0.10509991645812988
0.02702021598815918
0.10764169692993164
0.028994321823120117
0.08415937423706055
0.0232391357421875
0.06557941436767578
0.01309657096862793
0.03768348693847656
0.012263059616088867
0.09710931777954102
0.012172222137451172
0.04885601997375488
0.061983585357666016
0.10785794258117676
0.051979780197143555
0.05271196365356445
0.06121110916137695
0.10400152206420898
0.05875349044799805
0.04389619827270508
0.09204769134521484
0.07787394523620605
0.10702157020568848
0.08816814422607422
0.10292553901672363
0.010856389999389648
0.1339097023010254
0.09995794296264648
0.12497973442077637
0.01013946533203125
0.10088491439819336
0.13080954551696777
0.1589822769165039
0.017940998077392578
0.06804609298706055
0.19087553024291992
0.07725167274475098
0.1748051643371582
0.020999670028686523
0.11089253425598145
0.1489579677581787
0.1019124984741211
0.15392541885375977
0.0649106502532959
0.04296255111694336
0.2413027286529541
0.012608051300048828
0.23030924797058105
0.020600557327270508
0.21432876586914062
0.0546267032623291
0.021289587020874023
0.1935286521911621
0.02091383934020996
0.18212199211120605
0.007775783538818359
0.05624890327453613
0.1457533836364746
0.025930166244506836
0.14916110038757324
0.0209808349609375
0.15776562690734863
0.032984256744384766
0.021985530853271484
0.15424036979675293
0.021928787231445312
0.16181206703186035
0.009697437286376953
0.15821433067321777
0.03304314613342285
0.042774200439453125
0.08375668525695801
0.07217597961425781
0.08997511863708496
0.06068086624145508
0.04509329795837402
0.05602431297302246
0.07482385635375977
0.0510096549987793
0.07505416870117188
0.032105207443237305
0.028824806213378906
0.06290578842163086
0.0202329158782959
0.0929560661315918
0.02099895477294922
0.07001185417175293
0.00944972038269043
0.10386347770690918
0.011119365692138672
0.10790801048278809
0.031670570373535156
0.12251114845275879
0.04551982879638672
0.057500600814819336
0.1267383098602295
0.08352208137512207
0.1288144588470459
0.09174346923828125
0.13691926002502441
0.05814337730407715
0.08288884162902832
0.15674805641174316
0.08823704719543457
0.02255415916442871
0.13903427124023438
0.1211702823638916
0.20093917846679688
0.008969783782958984
0.053862571716308594
0.21392393112182617
0.04883098602294922
0.21312451362609863
0.05898404121398926
0.02839970588684082
0.2255265712738037
0.04123282432556152
0.21960830688476562
0.03226828575134277
0.23990893363952637
0.01992964744567871
0.2090773582458496
0.008889436721801758
0.19271039962768555
0.047162532806396484
0.15791010856628418
0.02923583984375
0.03859686851501465
0.11399555206298828
0.06521964073181152
0.152846097946167
0.03134751319885254
0.14766168594360352
0.04314064979553223
0.13999724388122559
0.009826183319091797
0.08109593391418457
0.11010432243347168
0.09435915946960449
0.10209774971008301
0.019910573959350586
0.07204627990722656
0.12597060203552246
0.030280351638793945
0.011092901229858398
0.10952591896057129
0.05206704139709473
0.1060178279876709
0.029878616333007812
0.04177594184875488
0.09066653251647949
0.04629874229431152
0.0838308334350586
0.03535199165344238
0.06594467163085938
0.01087641716003418
0.08529233932495117
0.010993480682373047
0.008666515350341797
0.06493616104125977
0.02005314826965332
0.06604909896850586
0.016020774841308594
0.031960248947143555
0.05214524269104004
0.0666193962097168
0.03616690635681152
0.030204296112060547
0.12362957000732422
0.04069685935974121
0.04688072204589844
0.11776947975158691
0.07912015914916992
0.12950539588928223
0.07752561569213867
0.13883709907531738
0.05678725242614746
0.06131911277770996
0.05904436111450195
0.1726548671722412
0.07287764549255371
0.17602777481079102
0.06691765785217285
0.07298636436462402
0.10923480987548828
0.1917860507965088
0.041014671325683594
0.009832143783569336
0.18034887313842773
0.05446934700012207
0.18442177772521973
0.05889415740966797
0.04781651496887207
0.1921076774597168
0.04665374755859375
0.20396637916564941
0.03501391410827637
0.25900745391845703
0.008611202239990234
0.24139785766601562
0.01808786392211914
0.2180345058441162
0.04805326461791992
0.17480945587158203
0.03353762626647949
0.048346519470214844
0.13527679443359375
0.05987811088562012
0.17995929718017578
0.00891876220703125
0.17325615882873535
0.010802030563354492
0.1598505973815918
0.030956029891967773
0.12091684341430664
0.0224611759185791
0.03968548774719238
0.07262563705444336
0.07204151153564453
0.03140616416931152
0.06485128402709961
0.07877802848815918
0.04107093811035156
0.07910013198852539
0.04360604286193848
0.02103447914123535
0.07690978050231934
0.04906582832336426
0.07919788360595703
0.05772519111633301
0.010929107666015625
0.052933454513549805
0.09697484970092773
0.019019365310668945
0.09513139724731445
0.01683330535888672
0.09622716903686523
0.04180598258972168
0.014688491821289062
0.07494497299194336
0.03317117691040039
0.011066913604736328
0.052850961685180664
0.04728078842163086
0.041814327239990234
0.01057291030883789
0.0859825611114502
0.052100419998168945
0.10191130638122559
0.05981326103210449
0.03654623031616211
0.1604306697845459
0.028118610382080078
0.19354653358459473
0.03137016296386719
0.010969161987304688
0.23287749290466309
0.007926702499389648
0.23420190811157227
0.016157865524291992
0.23173952102661133
0.08092856407165527
0.0181424617767334
0.243790864944458
0.014122486114501953
0.06190681457519531
0.18180608749389648
0.09188437461853027
0.05528140068054199
0.16715550422668457
0.07961511611938477
0.1798253059387207
0.05261087417602539
0.010424375534057617
0.17702007293701172
0.1102595329284668
0.05571174621582031
0.07185554504394531
0.1650409698486328
0.0649404525756836
0.18084383010864258
0.05621647834777832
0.04111051559448242
0.20099139213562012
0.039090871810913086
0.19572091102600098
0.026417255401611328
0.011595487594604492
0.21401381492614746
0.04276418685913086
0.18259501457214355
0.018606185913085938
0.19823503494262695
0.05419182777404785
0.0075168609619140625
0.13515114784240723
0.05384111404418945
0.13399910926818848
0.03409552574157715
0.04074668884277344
0.1018819808959961
0.04220890998840332
0.019715070724487305
0.09806299209594727
0.018939495086669922
0.07307839393615723
0.021787166595458984
0.03296923637390137
0.059108734130859375
0.03188180923461914
0.04009723663330078
0.02078533172607422
0.05900931358337402
0.07892370223999023
0.011047124862670898
0.06604290008544922
0.11172890663146973
0.07797431945800781
0.12723684310913086
0.05369210243225098
0.07618498802185059
0.15302062034606934
0.0666043758392334
0.15695452690124512
0.0679631233215332
0.010107755661010742
0.2398090362548828
0.022114992141723633
0.2179241180419922
0.018149852752685547
0.2120528221130371
0.05576801300048828
0.018881559371948242
0.2160801887512207
0.020289182662963867
0.21561694145202637
0.018404245376586914
0.25676965713500977
0.00832223892211914
0.24784421920776367
0.009083986282348633
0.24085712432861328
0.00928354263305664
0.06188011169433594
0.18976831436157227
0.06608843803405762
0.17181086540222168
0.05708622932434082
0.011056184768676758
0.21794915199279785
0.02955484390258789
0.18153643608093262
0.02005457878112793
0.18395066261291504
0.03426384925842285
0.15113377571105957
0.04622697830200195
0.0596773624420166
0.07299947738647461
0.10393857955932617
0.01767277717590332
0.020370960235595703
0.058122873306274414
0.0436246395111084
0.048764944076538086
0.05421900749206543
0.022739410400390625
0.04017925262451172
0.048760175704956055
0.04609084129333496
0.020072221755981445
0.04400134086608887
0.08425283432006836
0.06111621856689453
0.1046135425567627
0.07213068008422852
0.11872029304504395
0.02011394500732422
0.10274577140808105
0.12206244468688965
0.0999753475189209
0.06790781021118164
0.06205153465270996
0.1797957420349121
0.11915731430053711
0.058873891830444336
0.07593274116516113
0.1737055778503418
0.08237743377685547
0.17028403282165527
0.06937479972839355
0.08745288848876953
0.17266011238098145
0.0870962142944336
0.008629083633422852
0.15725469589233398
0.10894465446472168
0.06080889701843262
0.16090083122253418
0.10105252265930176
0.17325782775878906
0.096649169921875
0.16495895385742188
0.0080718994140625
0.14009904861450195
0.11573672294616699
0.12871313095092773
0.06943178176879883
0.037854671478271484
0.18672800064086914
0.057074546813964844
0.01832723617553711
0.1935257911682129
0.01872420310974121
0.15639042854309082
0.012839078903198242
0.021881103515625
0.10297155380249023
0.02086043357849121
0.06397747993469238
0.022008419036865234
0.0916903018951416
0.08951306343078613
0.008478641510009766
0.13089251518249512
0.0834195613861084
0.009592533111572266
0.12491965293884277
0.11433839797973633
0.12672877311706543
0.07506203651428223
0.11498236656188965
0.1565084457397461
0.12498188018798828
0.12480020523071289
0.1651763916015625
0.09177899360656738
0.0999600887298584
0.1871023178100586
0.021431446075439453
0.07837533950805664
0.22280263900756836
0.06511521339416504
0.07404255867004395
0.20509648323059082
0.07156658172607422
0.20610570907592773
0.06506180763244629
0.05602741241455078
0.13677644729614258
0.15396714210510254
0.06697225570678711
0.014972209930419922
0.21732330322265625
0.0218656063079834
0.21361732482910156
0.045599937438964844
0.16396021842956543
0.02768421173095703
0.15393519401550293
0.020946979522705078
0.11324787139892578
0.040376901626586914
0.05894732475280762
0.025717973709106445
0.07191252708435059
0.008641719818115234
0.08122491836547852
0.10201549530029297
0.08578801155090332
0.009591817855834961
0.10142326354980469
0.09581875801086426
0.05609464645385742
0.08766341209411621
0.1248784065246582
0.10410594940185547
0.12496209144592285
0.13401460647583008
0.07333779335021973
0.0918269157409668
0.1717524528503418
0.01090240478515625
0.08396363258361816
0.18834829330444336
0.09348797798156738
0.07418084144592285
0.17575550079345703
0.10891532897949219
0.17290592193603516
0.1050558090209961
0.06212115287780762
0.11183381080627441
0.21185755729675293
0.07223916053771973
0.020771026611328125
0.18593144416809082
0.07680916786193848
0.183211088180542
0.05800962448120117
0.06381678581237793
0.17420625686645508
0.07102012634277344
0.15154695510864258
0.04888749122619629
0.008122682571411133
0.16901612281799316
0.040209054946899414
0.10071325302124023
0.02239704132080078
0.03297019004821777
0.06506156921386719
0.06481409072875977
0.09172701835632324
0.009147882461547852
0.08794164657592773
0.10905146598815918
0.05651569366455078
0.08653473854064941
0.13875961303710938
0.08483552932739258
0.145827054977417
0.09570002555847168
0.019185781478881836
0.1941978931427002
0.07513689994812012
0.06585931777954102
0.12299513816833496
0.15184640884399414
0.12886500358581543
0.06796717643737793
0.15491437911987305
0.14598917961120605
0.15513014793395996
0.15404009819030762
0.06963348388671875
0.07507896423339844
0.2792191505432129
0.011130332946777344
0.2598292827606201
0.010379314422607422
0.23558783531188965
0.026784658432006836
0.19218873977661133
0.01075124740600586
0.010846138000488281
0.16899991035461426
0.013410329818725586
0.18555116653442383
0.019028902053833008
0.17024970054626465
0.02055954933166504
0.049162864685058594
0.12671685218811035
0.05805706977844238
0.022130966186523438
0.11984109878540039
0.03498435020446777
0.09009361267089844
0.011762380599975586
0.08184146881103516
0.01005864143371582
0.07902693748474121
0.09415245056152344
0.00963282585144043
0.07791733741760254
0.10787415504455566
0.08299517631530762
0.06265115737915039
0.10141301155090332
0.12512731552124023
0.11058497428894043
0.134962797164917
0.10233473777770996
0.07219552993774414
0.1363050937652588
0.12794733047485352
0.06309270858764648
0.09207344055175781
0.1790614128112793
0.10763430595397949
0.062468528747558594
0.1585845947265625
0.12218260765075684
0.14658904075622559
0.12992238998413086
0.008127689361572266
0.13208365440368652
0.1977832317352295
0.06614232063293457
0.07282447814941406
0.12296581268310547
0.1340181827545166
0.12093925476074219
0.05721783638000488
0.12016677856445312
0.1237485408782959
0.11157965660095215
0.12232422828674316
0.05366969108581543
0.044585227966308594
0.2114698886871338
0.02312636375427246
0.19601845741271973
0.02170538902282715
0.16614007949829102
0.009715795516967773
0.0889425277709961
0.012087345123291016
0.0715639591217041
0.020481109619140625
0.09601855278015137
0.04770946502685547
0.11298847198486328
0.059041738510131836
0.015451431274414062
0.21049857139587402
0.007344722747802734
