0.05489850044250488
0.21090364456176758
0.015912294387817383
0.18791890144348145
0.1099390983581543
0.2500741481781006
0.053678035736083984
0.18872404098510742
0.02527618408203125
0.19690227508544922
0.022219181060791016
0.23679518699645996
0.02399754524230957
0.16890954971313477
0.024106264114379883
0.12970519065856934
0.03144240379333496
0.12148833274841309
0.022328615188598633
0.12669777870178223
0.03980588912963867
0.14411306381225586
0.02631068229675293
0.137434720993042
0.02348947525024414
0.06358790397644043
0.03906989097595215
0.01691722869873047
0.03399085998535156
0.06997060775756836
0.030878305435180664
0.09687614440917969
0.05022788047790527
0.09492850303649902
0.03392529487609863
0.13394761085510254
0.08266162872314453
0.15650129318237305
0.09767007827758789
0.20087409019470215
0.04219841957092285
0.02155470848083496
0.12314677238464355
0.034958839416503906
0.11483931541442871
0.032315731048583984
0.02102828025817871
0.07572412490844727
0.036841630935668945
0.0908958911895752
0.024878740310668945
0.04921293258666992
0.024747371673583984
0.02525472640991211
0.1166086196899414
0.021996021270751953
0.11792707443237305
0.04607653617858887
0.0412440299987793
0.02471446990966797
0.05870389938354492
0.05278921127319336
0.05230355262756348
0.021054744720458984
0.0828709602355957
0.1322016716003418
0.03603243827819824
0.014603853225708008
0.06045794486999512
0.0531458854675293
0.04947924613952637
0.02462172508239746
0.06320786476135254
0.05489397048950195
0.030065059661865234
0.03665757179260254
0.07630753517150879
0.016813278198242188
0.13384246826171875
0.04149889945983887
0.06136369705200195
0.09111213684082031
0.05604982376098633
0.02398991584777832
0.08074831962585449
0.03550457954406738
0.07487249374389648
0.04002189636230469
0.03305220603942871
0.015069246292114258
0.04082298278808594
0.0374903678894043
0.024384260177612305
0.08632612228393555
0.025876760482788086
0.06183290481567383
0.011901140213012695
0.060959815979003906
0.03416299819946289
0.07392024993896484
0.023412227630615234
0.014295339584350586
0.13385486602783203
0.01607203483581543
0.12413716316223145
0.02486443519592285
0.025284767150878906
0.022947072982788086
0.038875579833984375
0.07614350318908691
0.014677286148071289
0.08488321304321289
0.03500652313232422
0.0797734260559082
0.05096101760864258
0.07497835159301758
0.061292409896850586
0.03503084182739258
0.10148859024047852
0.0470576286315918
0.034055233001708984
0.09529352188110352
0.0774846076965332
0.06534981727600098
0.10055923461914062
0.012241363525390625
0.01676630973815918
0.05398154258728027
0.044075965881347656
0.029989004135131836
0.03400444984436035
0.05357170104980469
0.05640840530395508
0.024047374725341797
0.1048121452331543
0.04523420333862305
0.17134761810302734
0.01496124267578125
0.01343083381652832
0.1768200397491455
0.012862443923950195
0.1507129669189453
0.043940067291259766
0.08904767036437988
0.0758366584777832
0.05119037628173828
0.06344461441040039
0.02163529396057129
0.12635040283203125
0.01939082145690918
0.14829516410827637
0.023617982864379883
0.08970189094543457
0.041074514389038086
0.13295435905456543
0.024837255477905273
0.13533473014831543
0.04669547080993652
0.15024161338806152
0.015735387802124023
0.226531982421875
0.02529597282409668
0.24582719802856445
0.025258302688598633
0.2743523120880127
0.04121732711791992
0.3011488914489746
0.14395618438720703
0.03317570686340332
0.2010035514831543
0.014564752578735352
0.13488149642944336
0.0252077579498291
0.15735864639282227
0.05983304977416992
0.12588882446289062
0.055022478103637695
0.17183494567871094
0.06891703605651855
0.2228996753692627
0.08499026298522949
0.02411627769470215
0.09471321105957031
0.023402929306030273
0.07048773765563965
0.026005029678344727
0.1360323429107666
0.021396398544311523
0.12346196174621582
0.024149656295776367
0.08759188652038574
0.047322988510131836
0.13216257095336914
0.028642654418945312
0.10569930076599121
0.03522348403930664
0.041962623596191406
0.0738222599029541
0.10903739929199219
0.02596569061279297
0.06994080543518066
0.013062715530395508
0.02489757537841797
0.08462762832641602
0.02338242530822754
0.08405590057373047
0.10092401504516602
0.07457780838012695
0.11194014549255371
0.15548038482666016
0.022626399993896484
0.047213077545166016
0.11169576644897461
0.04641985893249512
0.1497206687927246
0.06386184692382812
0.02123856544494629
0.2443685531616211
0.05558276176452637
0.12952470779418945
0.05604696273803711
0.18986010551452637
0.08500266075134277
0.176222562789917
0.05469489097595215
0.04497838020324707
0.041979312896728516
0.06177854537963867
0.06496858596801758
0.1137702465057373
0.04326272010803223
0.11287760734558105
0.08692669868469238
0.15400123596191406
0.04277968406677246
0.18290424346923828
0.03425192832946777
0.12776851654052734
0.04843473434448242
0.09967565536499023
0.06200456619262695
0.07184910774230957
0.057085275650024414
0.02682971954345703
0.07398390769958496
0.025964021682739258
0.03687930107116699
0.025156259536743164
0.03595852851867676
0.04793286323547363
0.027207612991333008
0.07382702827453613
0.02572154998779297
0.07029008865356445
0.06683850288391113
0.14565539360046387
0.14281392097473145
0.02239203453063965
0.04862618446350098
0.01507115364074707
0.011929988861083984
0.05189967155456543
0.038236141204833984
0.0719749927520752
0.05612039566040039
0.06938433647155762
0.13530230522155762
0.050719499588012695
0.16300678253173828
0.049967050552368164
0.18622756004333496
0.05183076858520508
0.23604559898376465
0.01870894432067871
0.22366762161254883
0.012612104415893555
0.19474554061889648
0.022545337677001953
0.026859283447265625
0.21436595916748047
0.014876842498779297
0.2772648334503174
0.05206584930419922
0.2290971279144287
0.07271337509155273
0.015308618545532227
0.19931769371032715
0.013152360916137695
0.21301531791687012
0.07092714309692383
0.015177249908447266
0.1225275993347168
0.08523917198181152
0.08990097045898438
0.1147918701171875
0.11933207511901855
0.12476420402526855
0.13484549522399902
0.1851511001586914
0.013761043548583984
0.1701066493988037
0.024128437042236328
0.1492302417755127
0.05167865753173828
0.07549548149108887
0.14015460014343262
0.08005738258361816
0.11997461318969727
0.0709538459777832
0.1244044303894043
0.046363115310668945
0.1541275978088379
0.0530238151550293
0.14430642127990723
0.04595637321472168
0.10601997375488281
0.0433349609375
0.12394547462463379
0.016254901885986328
0.13168692588806152
0.07127261161804199
0.15110135078430176
0.09149622917175293
0.08736443519592285
0.15467000007629395
0.13033032417297363
0.11669659614562988
0.16510224342346191
0.030392169952392578
0.08740520477294922
0.021236181259155273
0.1329021453857422
0.02324652671813965
0.14542174339294434
0.035980939865112305
0.11344313621520996
0.06976556777954102
0.09211874008178711
0.06637215614318848
0.08275747299194336
0.08250188827514648
0.09249186515808105
0.11260533332824707
0.06430864334106445
0.10670590400695801
0.024799346923828125
0.06411027908325195
0.03980231285095215
0.0977778434753418
0.019725799560546875
0.11312150955200195
0.06489062309265137
0.05330252647399902
0.06580710411071777
0.036103248596191406
0.120819091796875
0.015120744705200195
0.13513517379760742
0.045432090759277344
0.13079380989074707
0.0813136100769043
0.023204803466796875
0.10758590698242188
0.05508589744567871
0.13266587257385254
0.04913902282714844
0.16881346702575684
0.013060569763183594
0.1195986270904541
0.02396082878112793
0.11171579360961914
0.011746406555175781
0.10617637634277344
0.03949236869812012
0.08513951301574707
0.0147705078125
0.10004091262817383
0.033789873123168945
0.025019168853759766
0.07344985008239746
0.015356063842773438
0.01349329948425293
0.08385419845581055
0.03629136085510254
0.1025533676147461
0.02164483070373535
0.1026461124420166
0.02417445182800293
0.1400434970855713
0.022794485092163086
0.14409422874450684
0.05869889259338379
0.10729193687438965
0.05708670616149902
0.09785318374633789
0.07891631126403809
0.12868380546569824
0.1401376724243164
0.08800077438354492
0.13372802734375
0.12217020988464355
0.12238192558288574
0.09834861755371094
0.07353615760803223
0.07171225547790527
0.10433316230773926
0.06250309944152832
0.07280945777893066
0.08414626121520996
0.06170964241027832
0.10935425758361816
0.06967449188232422
0.10892415046691895
0.04500389099121094
0.15505313873291016
0.053360700607299805
0.2195420265197754
0.02223682403564453
0.18620038032531738
0.041851043701171875
0.18946242332458496
0.04905223846435547
0.07289695739746094
0.17199420928955078
0.05901932716369629
0.1481919288635254
0.06705641746520996
0.14028382301330566
0.06249594688415527
0.1557466983795166
0.03524160385131836
0.14972972869873047
0.06609368324279785
0.11637330055236816
0.03603529930114746
0.12766146659851074
0.08192181587219238
0.13283538818359375
0.054782867431640625
0.10387921333312988
0.052396535873413086
0.011670589447021484
0.10175895690917969
0.0401921272277832
0.13010454177856445
0.052759408950805664
0.10885000228881836
0.0284116268157959
0.10455989837646484
0.03229379653930664
0.10485172271728516
0.04595661163330078
0.09781432151794434
0.03365159034729004
0.08863329887390137
0.015564918518066406
0.016052722930908203
0.16698861122131348
0.06982254981994629
0.08601593971252441
0.012171268463134766
0.06618022918701172
0.012785911560058594
0.050013065338134766
0.08701968193054199
0.09659719467163086
0.10692119598388672
0.19603848457336426
0.0902254581451416
0.16738343238830566
0.08638167381286621
0.16313958168029785
0.10123014450073242
0.11151361465454102
0.15113520622253418
0.11356258392333984
0.1260511875152588
0.09211039543151855
0.1299271583557129
0.13999247550964355
0.1580202579498291
0.06984066963195801
0.15000057220458984
0.0723874568939209
0.15342426300048828
0.07036638259887695
0.07297754287719727
0.09952259063720703
0.1214134693145752
0.10589718818664551
0.14569830894470215
0.10000014305114746
0.11498045921325684
0.1269392967224121
0.04976224899291992
0.131026029586792
0.03361630439758301
0.1464989185333252
0.019245386123657227
0.17868661880493164
0.026370763778686523
0.14142942428588867
0.03793478012084961
0.12106537818908691
0.06442022323608398
0.02270650863647461
0.10555315017700195
0.04542183876037598
0.08950424194335938
0.07891631126403809
0.10106825828552246
0.08704590797424316
0.09525251388549805
0.08592867851257324
0.04291796684265137
0.12793326377868652
0.03655838966369629
0.09589004516601562
0.02315378189086914
0.140852689743042
0.024944305419921875
0.06523442268371582
0.05210089683532715
0.08194184303283691
0.036163330078125
0.1098015308380127
0.026879549026489258
0.11589717864990234
0.02246260643005371
0.14356565475463867
0.035019874572753906
0.012650251388549805
0.16836810111999512
0.02289104461669922
0.14490222930908203
0.02007603645324707
0.16989588737487793
0.012782812118530273
0.23196840286254883
0.02507758140563965
0.1908426284790039
0.02347588539123535
0.183424711227417
0.03815293312072754
0.07105278968811035
0.20300817489624023
0.06001567840576172
0.1987464427947998
0.08483743667602539
0.20517683029174805
0.05023074150085449
0.35681891441345215
0.03464818000793457
0.21400904655456543
0.013156652450561523
0.2095932960510254
0.031061172485351562
0.06625080108642578
0.20878815650939941
0.03684806823730469
0.19387483596801758
0.02423548698425293
0.14875245094299316
0.012546539306640625
0.17576169967651367
0.0166473388671875
0.1228184700012207
0.015516996383666992
0.1021265983581543
0.03954005241394043
0.07578611373901367
0.07214069366455078
0.06801390647888184
0.04673409461975098
0.09286236763000488
0.06323528289794922
0.07291793823242188
0.013211488723754883
0.13682198524475098
0.03798270225524902
0.13431406021118164
0.017515897750854492
0.12766242027282715
0.0331728458404541
0.2948737144470215
0.03394484519958496
0.1530451774597168
0.01086282730102539
0.1428382396697998
0.01623225212097168
0.01607036590576172
0.13798761367797852
0.03610038757324219
0.11158275604248047
0.02329397201538086
0.06369161605834961
0.024039745330810547
0.03686976432800293
0.026989459991455078
0.049773216247558594
0.021948814392089844
0.06736302375793457
0.0251617431640625
0.04826927185058594
0.02491021156311035
0.07305431365966797
0.012520074844360352
0.14855408668518066
0.028191566467285156
0.11856532096862793
0.022538185119628906
0.03766775131225586
0.026336669921875
0.022551774978637695
0.07690906524658203
0.014905452728271484
0.057919979095458984
0.02223682403564453
0.02376866340637207
0.07697868347167969
0.03375840187072754
0.012861013412475586
0.03729414939880371
0.029785871505737305
0.0672907829284668
0.01257634162902832
0.040314674377441406
0.061693668365478516
0.0501101016998291
0.09870696067810059
0.062035560607910156
0.10191774368286133
0.07185173034667969
0.02433300018310547
0.1386280059814453
0.0541834831237793
0.09986042976379395
0.023943662643432617
0.1299269199371338
0.02514362335205078
0.03622579574584961
0.10874533653259277
0.0431523323059082
0.10659170150756836
0.0782938003540039
0.07151556015014648
0.0878455638885498
0.046286821365356445
0.1535966396331787
0.11139702796936035
0.16454577445983887
0.10717201232910156
0.014145135879516602
0.20872020721435547
0.04501485824584961
0.19141674041748047
0.06239461898803711
0.20511221885681152
0.05099844932556152
0.2308955192565918
0.028218746185302734
0.20473504066467285
0.054862260818481445
0.19219660758972168
0.03504490852355957
0.06803178787231445
0.17486071586608887
0.05095863342285156
0.15609169006347656
0.040551185607910156
0.16309595108032227
0.04099464416503906
0.17494869232177734
0.13201689720153809
0.04215669631958008
0.15669918060302734
0.0345606803894043
0.13588619232177734
0.03374433517456055
0.16863775253295898
0.024770259857177734
0.12435197830200195
0.03496694564819336
0.010822772979736328
0.12572836875915527
0.024710655212402344
0.10894012451171875
0.01569533348083496
0.08488702774047852
0.06577277183532715
0.044565439224243164
0.10801553726196289
0.025207996368408203
0.10082697868347168
0.03914141654968262
0.10189175605773926
0.010956764221191406
0.10293316841125488
0.011767864227294922
0.13413596153259277
0.024014949798583984
0.11510777473449707
0.031154870986938477
0.10113143920898438
0.024972200393676758
0.11047840118408203
0.02239227294921875
0.12956500053405762
0.02276611328125
0.1489264965057373
0.0189971923828125
0.1613147258758545
0.018779993057250977
0.16434001922607422
0.0336756706237793
0.06587338447570801
0.07273530960083008
0.1322488784790039
0.07062458992004395
0.15003061294555664
0.061005592346191406
0.047981977462768555
0.19492459297180176
0.04111480712890625
0.17984485626220703
0.02703571319580078
0.19826436042785645
0.0914466381072998
0.16372895240783691
0.027590274810791016
0.013601541519165039
0.26430654525756836
0.011844873428344727
0.20671939849853516
0.05026078224182129
0.1781299114227295
0.036606550216674805
0.13979411125183105
0.027132034301757812
0.13694405555725098
0.07446098327636719
0.02181100845336914
0.1595778465270996
0.0341949462890625
0.14188241958618164
0.03299283981323242
0.13283538818359375
0.0370488166809082
0.022399425506591797
0.07652711868286133
0.0506594181060791
0.11718249320983887
0.048070430755615234
0.08813691139221191
0.04012870788574219
0.08350110054016113
0.04285931587219238
0.12345147132873535
0.03431868553161621
0.08509469032287598
0.041284799575805664
0.06583070755004883
0.10100412368774414
0.05583047866821289
0.09174346923828125
0.06816673278808594
0.0782022476196289
0.07988929748535156
0.014942169189453125
0.07570791244506836
0.0990610122680664
0.05539083480834961
0.09156990051269531
0.05478930473327637
0.21303677558898926
0.07089710235595703
0.014237165451049805
0.24297833442687988
0.015574455261230469
0.2385568618774414
0.03183388710021973
0.21492433547973633
0.06705260276794434
0.012279510498046875
0.13856792449951172
0.07496094703674316
0.12366747856140137
0.06584358215332031
0.10105681419372559
0.0820474624633789
0.02808976173400879
0.04786181449890137
0.06502580642700195
0.08307695388793945
0.07431340217590332
0.015443563461303711
0.18601107597351074
0.045246124267578125
0.12957358360290527
0.047575950622558594
0.09661865234375
0.07502293586730957
0.03589200973510742
0.06574511528015137
0.06809616088867188
0.051844120025634766
0.11479377746582031
0.05697965621948242
0.15290260314941406
0.08302736282348633
0.05619215965270996
0.23752951622009277
0.06956315040588379
0.2720036506652832
0.06766843795776367
0.29026293754577637
0.15109610557556152
0.19921183586120605
0.12606215476989746
0.15983343124389648
0.022003650665283203
0.12520933151245117
0.21308660507202148
0.19184660911560059
0.11111640930175781
0.1682119369506836
0.12239527702331543
0.18500423431396484
0.11305570602416992
0.0270388126373291
0.20469951629638672
0.08234620094299316
0.15684986114501953
0.05469942092895508
0.1744222640991211
0.04166865348815918
0.06675148010253906
0.11598849296569824
0.06500697135925293
0.1121220588684082
0.03804469108581543
0.12063479423522949
0.04712057113647461
0.08499693870544434
0.023018836975097656
0.11430168151855469
0.01226663589477539
0.11687183380126953
0.07518172264099121
0.02883458137512207
0.06496596336364746
0.0348660945892334
0.11503720283508301
0.033883094787597656
0.12532448768615723
0.06262016296386719
0.11414933204650879
0.1018376350402832
0.1327376365661621
0.0680837631225586
0.025516986846923828
0.0915215015411377
0.09406352043151855
0.07352638244628906
0.13240528106689453
0.08976507186889648
0.08011198043823242
0.05844998359680176
0.21439814567565918
0.11272954940795898
0.20209956169128418
0.08419346809387207
0.19759488105773926
0.016130447387695312
0.1242513656616211
0.1444549560546875
0.13195228576660156
0.1580829620361328
0.11603474617004395
0.1417703628540039
0.014094829559326172
0.14778470993041992
0.10097742080688477
0.14702486991882324
0.10804271697998047
0.16814756393432617
0.1106107234954834
0.06496405601501465
0.17805933952331543
0.11217904090881348
0.19188380241394043
0.0728921890258789
0.15993332862854004
0.05394458770751953
0.19136309623718262
0.014690399169921875
0.04588508605957031
0.1528463363647461
0.04402732849121094
0.13298249244689941
0.05824995040893555
0.14267468452453613
0.14507484436035156
0.03281903266906738
0.1240699291229248
0.011979103088378906
0.13482379913330078
0.023373126983642578
0.1139521598815918
0.1328568458557129
0.03389549255371094
0.09576106071472168
0.02621293067932129
0.08380317687988281
0.014155149459838867
0.07370948791503906
0.023342370986938477
0.014739274978637695
0.07006549835205078
0.12117242813110352
0.10051798820495605
0.11598658561706543
0.09961104393005371
0.07074713706970215
0.014595746994018555
0.05087113380432129
0.060228824615478516
0.028012514114379883
0.1037602424621582
0.09716010093688965
0.06455445289611816
0.03267264366149902
0.17348432540893555
0.03429365158081055
0.1493675708770752
0.021918058395385742
0.18416976928710938
0.138960599899292
0.0327146053314209
0.16106104850769043
0.048078060150146484
0.17197680473327637
0.05193614959716797
0.20521831512451172
0.02552056312561035
0.07307696342468262
0.12229609489440918
0.09159183502197266
0.14588713645935059
0.13109469413757324
0.24304533004760742
0.06090235710144043
0.02239680290222168
0.2186744213104248
0.08679389953613281
0.20778727531433105
0.09118819236755371
0.2480487823486328
0.018030643463134766
0.06390094757080078
0.17375969886779785
0.0630636215209961
0.15196943283081055
0.0559535026550293
0.18132400512695312
0.028972864151000977
0.02660846710205078
0.16121125221252441
0.04508018493652344
0.14554452896118164
0.025611162185668945
0.17630267143249512
0.013883590698242188
0.17919206619262695
0.14516639709472656
0.053826332092285156
0.1369616985321045
0.024686574935913086
0.15099763870239258
0.021035194396972656
0.14537525177001953
0.13370633125305176
0.0348973274230957
0.14905881881713867
0.024101972579956055
0.17277312278747559
0.021883249282836914
0.15015053749084473
0.033510446548461914
0.13830304145812988
0.014218807220458984
0.10411882400512695
0.04344439506530762
0.08051085472106934
0.04234743118286133
0.14603185653686523
0.033742427825927734
0.10287094116210938
0.03227877616882324
0.11645698547363281
0.028201818466186523
0.15902423858642578
0.01580667495727539
0.1790330410003662
0.011321306228637695
0.12515878677368164
0.022288799285888672
0.12754273414611816
0.014217853546142578
0.14395761489868164
0.023067235946655273
0.021907806396484375
0.13579821586608887
0.0362238883972168
0.12570643424987793
0.06012153625488281
0.13020753860473633
0.014548540115356445
0.12116217613220215
