0.11317896842956543
0.04738020896911621
0.15337681770324707
0.05497384071350098
0.06600379943847656
0.14989948272705078
0.07688689231872559
0.12807607650756836
0.08204436302185059
0.11907529830932617
0.09164929389953613
0.1202392578125
0.1291971206665039
0.03351902961730957
0.11701321601867676
0.048333168029785156
0.0968477725982666
0.015770912170410156
0.05486130714416504
0.07839322090148926
0.04441666603088379
0.0982046127319336
0.0473170280456543
0.11948585510253906
0.012785911560058594
0.1293487548828125
0.013645648956298828
0.12383818626403809
0.03229260444641113
0.09299135208129883
0.017046213150024414
0.014168024063110352
0.0677797794342041
0.02776646614074707
0.11567139625549316
0.02395009994506836
0.11827611923217773
0.013075828552246094
0.132598876953125
0.05889773368835449
0.10812544822692871
0.11339569091796875
0.09676432609558105
0.11356210708618164
0.06284236907958984
0.015240192413330078
0.13893628120422363
0.06448245048522949
0.05753517150878906
0.0989842414855957
0.05378437042236328
0.011445045471191406
0.1323387622833252
0.016922950744628906
0.09682941436767578
0.03406524658203125
0.01510167121887207
0.14281392097473145
0.030121803283691406
0.11102962493896484
0.028594970703125
0.11405658721923828
0.013554811477661133
0.11464667320251465
0.0324552059173584
0.08215546607971191
0.025066852569580078
0.09186649322509766
0.012920856475830078
0.07509541511535645
0.02465963363647461
0.09626913070678711
0.023237228393554688
0.0942225456237793
0.014158248901367188
0.08873486518859863
0.015753507614135742
0.09384727478027344
0.013019084930419922
0.11089420318603516
0.024709224700927734
0.021419286727905273
0.08311319351196289
0.02340102195739746
0.1412525177001953
0.024003267288208008
0.09060335159301758
0.04812788963317871
0.0787968635559082
0.012154579162597656
0.07635903358459473
0.016686439514160156
0.09678769111633301
0.014925718307495117
0.08577919006347656
0.028674840927124023
0.07647538185119629
0.013005971908569336
0.13002514839172363
0.014666080474853516
0.07129788398742676
0.06977486610412598
0.03660130500793457
0.07574629783630371
0.023082494735717773
0.0935661792755127
0.016827106475830078
0.11352062225341797
0.02220749855041504
0.11764144897460938
0.0232086181640625
0.1179037094116211
0.04878950119018555
0.053893089294433594
0.1387324333190918
0.07266473770141602
0.15285921096801758
0.06769943237304688
0.17218303680419922
0.04601311683654785
0.2236936092376709
0.015514135360717773
0.19052982330322266
0.029010772705078125
0.27614283561706543
0.032708168029785156
0.01610541343688965
0.10326910018920898
0.013126134872436523
0.1138458251953125
0.01581573486328125
0.11311149597167969
0.03224062919616699
0.09806442260742188
0.02466130256652832
0.11578607559204102
0.03126835823059082
0.1295793056488037
0.013234138488769531
0.1110689640045166
0.027056455612182617
0.044573307037353516
0.0428919792175293
0.030100345611572266
0.04380941390991211
0.030183792114257812
0.06624841690063477
0.025562286376953125
0.08601164817810059
0.02482461929321289
0.0821831226348877
0.0256197452545166
0.08500313758850098
0.14528417587280273
0.0347285270690918
0.0712440013885498
0.06392788887023926
0.07468795776367188
0.05570101737976074
0.011220932006835938
0.03431296348571777
0.05249977111816406
0.0565948486328125
0.05133843421936035
0.03498339653015137
0.05904078483581543
0.01496124267578125
0.013842105865478516
0.05990290641784668
0.01594376564025879
0.048178672790527344
0.0381619930267334
0.03861880302429199
0.015450716018676758
0.0405733585357666
0.05006837844848633
0.04996466636657715
0.03685450553894043
0.07393383979797363
0.036263465881347656
0.057822227478027344
0.016850709915161133
0.02511429786682129
0.017728328704833984
0.04016923904418945
0.016745328903198242
0.01384425163269043
0.06899285316467285
0.016706466674804688
0.05433344841003418
0.1332714557647705
0.03377223014831543
0.04967617988586426
0.024789094924926758
0.02845001220703125
0.07336091995239258
0.02537250518798828
0.05742239952087402
0.018525123596191406
0.06631016731262207
0.035741329193115234
0.0651552677154541
0.02480316162109375
0.06697463989257812
0.038771867752075195
0.047045230865478516
0.05305290222167969
0.06702208518981934
0.016629695892333984
0.0691227912902832
0.06876325607299805
0.06194305419921875
0.05750155448913574
0.04482913017272949
0.06186103820800781
0.0239255428314209
0.0870215892791748
0.012035846710205078
0.061589717864990234
0.14305543899536133
0.062050819396972656
0.14377903938293457
0.08727073669433594
0.07706332206726074
0.048265695571899414
0.05825376510620117
0.0612485408782959
0.05691194534301758
0.024320363998413086
0.07956790924072266
0.06824755668640137
0.07966160774230957
0.08284282684326172
0.09396791458129883
0.08906888961791992
0.08881521224975586
0.05266094207763672
0.16861605644226074
0.034584999084472656
0.17865204811096191
0.023551464080810547
0.15145587921142578
0.09525775909423828
0.06100773811340332
0.0340275764465332
0.1649777889251709
0.014229774475097656
0.1636488437652588
0.013835906982421875
0.11784696578979492
0.04138374328613281
0.02594757080078125
0.02387523651123047
0.07171750068664551
0.045075178146362305
0.024250268936157227
0.07153844833374023
0.08060097694396973
0.08347439765930176
0.10302472114562988
0.10389089584350586
0.13791966438293457
0.07103800773620605
0.13002848625183105
0.1652536392211914
0.1175696849822998
0.14126968383789062
0.09373688697814941
0.11419224739074707
0.10498452186584473
0.038810014724731445
0.012320518493652344
0.09868192672729492
0.067047119140625
0.09132266044616699
0.07434248924255371
0.10381913185119629
0.06928443908691406
0.07975268363952637
0.07821464538574219
0.062109947204589844
0.06462216377258301
0.06585836410522461
0.032441139221191406
0.08969306945800781
0.03715085983276367
0.11067485809326172
0.016106605529785156
0.023250818252563477
0.12270951271057129
0.01785755157470703
0.10624527931213379
0.014063596725463867
0.10995745658874512
0.016752958297729492
0.014670133590698242
0.11094808578491211
0.019112825393676758
0.11043286323547363
0.03269052505493164
0.09384799003601074
0.029969453811645508
0.13143277168273926
0.013927459716796875
0.1179494857788086
0.030987977981567383
0.07699346542358398
0.025855064392089844
0.1079108715057373
0.024520397186279297
0.09094548225402832
0.015025854110717773
0.10288262367248535
0.03272199630737305
0.10230517387390137
0.02273416519165039
0.11792969703674316
0.03180384635925293
0.12327218055725098
0.08368158340454102
0.023831605911254883
0.1344163417816162
0.06448626518249512
0.13718008995056152
0.04601287841796875
0.13687801361083984
0.026153087615966797
0.036789894104003906
0.12511587142944336
0.03587007522583008
0.08904886245727539
0.05274224281311035
0.07502865791320801
0.09535813331604004
0.13058233261108398
0.05907392501831055
0.13418889045715332
0.051723480224609375
0.14794015884399414
0.02225661277770996
0.15886425971984863
0.02311229705810547
0.07768034934997559
0.04287075996398926
0.12990546226501465
0.04699110984802246
0.013019084930419922
0.26219844818115234
0.034996747970581055
0.11458015441894531
0.02329730987548828
0.12072110176086426
0.0460057258605957
0.06684517860412598
0.06925725936889648
0.0660715103149414
0.055704593658447266
0.05406451225280762
0.04671216011047363
0.05524325370788574
0.03157234191894531
0.03531622886657715
0.03967905044555664
0.03405356407165527
0.021942138671875
0.04790210723876953
0.014069557189941406
0.02382349967956543
0.04206085205078125
0.023034095764160156
0.037070274353027344
0.059610605239868164
0.12003326416015625
0.011962175369262695
0.10868668556213379
0.03504610061645508
0.0380859375
0.013327598571777344
0.0246584415435791
0.07420778274536133
0.026000499725341797
0.0855257511138916
0.02648782730102539
0.08533406257629395
0.05464315414428711
0.10256028175354004
0.07370638847351074
0.012311697006225586
0.1526505947113037
0.052993059158325195
0.1590893268585205
0.05878806114196777
0.16129660606384277
0.04764103889465332
0.20309972763061523
0.015087366104125977
0.1777641773223877
0.016134262084960938
0.13580036163330078
0.023172378540039062
0.06378793716430664
0.0989675521850586
0.04609107971191406
0.1018209457397461
0.051964521408081055
0.08004140853881836
0.04817318916320801
0.11293816566467285
0.014984130859375
0.10191154479980469
0.011627912521362305
0.01419830322265625
0.12370014190673828
0.020205974578857422
0.12385058403015137
0.028023481369018555
0.13215374946594238
0.04661417007446289
0.11846399307250977
0.03432297706604004
0.03487896919250488
0.07055377960205078
0.06403827667236328
0.011946916580200195
0.1264209747314453
0.022996187210083008
0.12778019905090332
0.02469015121459961
0.13318586349487305
0.0162506103515625
0.056822776794433594
0.09203481674194336
0.06423568725585938
0.05759692192077637
0.07807755470275879
0.08380985260009766
0.05641889572143555
0.049645185470581055
0.05620121955871582
0.041795969009399414
0.08170509338378906
0.053040266036987305
0.06416916847229004
0.051813364028930664
0.05107402801513672
0.11481475830078125
0.047994136810302734
0.013106584548950195
0.08786416053771973
0.016329050064086914
0.1247091293334961
0.03482317924499512
0.13589930534362793
0.05294609069824219
0.1287980079650879
0.07508563995361328
0.07114171981811523
0.0787959098815918
0.12008523941040039
0.06076645851135254
0.11599850654602051
0.0700383186340332
0.11314582824707031
0.06975746154785156
0.041837453842163086
0.1550309658050537
0.04808330535888672
0.1428534984588623
0.041692256927490234
0.08721327781677246
0.01314234733581543
0.06773114204406738
0.10737156867980957
0.05462288856506348
0.11909794807434082
0.027994871139526367
0.11898040771484375
0.02413153648376465
0.09373974800109863
0.03292560577392578
0.08271551132202148
0.013048410415649414
0.10485959053039551
0.023486614227294922
0.1473686695098877
0.013361930847167969
0.12873077392578125
0.042555809020996094
0.0971672534942627
0.03897833824157715
0.09717059135437012
0.02901768684387207
0.0653536319732666
0.13199520111083984
0.04128265380859375
0.050071001052856445
0.03484368324279785
0.0397336483001709
0.046465396881103516
0.013580083847045898
0.061830997467041016
0.02596426010131836
0.06907486915588379
0.022912263870239258
0.07195782661437988
0.017136573791503906
0.016968965530395508
0.14585161209106445
0.020926475524902344
0.11714363098144531
0.013965129852294922
0.08558773994445801
0.1423959732055664
0.038605451583862305
0.06415128707885742
0.028087139129638672
0.1048593521118164
0.056862831115722656
0.10603642463684082
0.04282641410827637
0.1079866886138916
0.018762588500976562
0.0971837043762207
0.04528403282165527
0.09903979301452637
0.10004854202270508
0.013627052307128906
0.12234306335449219
0.08753132820129395
0.10596919059753418
0.11229872703552246
0.08571505546569824
0.12388014793395996
0.10290837287902832
0.06996560096740723
0.09714031219482422
0.09010529518127441
0.08386445045471191
0.08814859390258789
0.016506671905517578
0.11621713638305664
0.05580854415893555
0.09786391258239746
0.057396650314331055
0.06549978256225586
0.06513404846191406
0.06814384460449219
0.011034727096557617
0.11628007888793945
0.013039350509643555
0.11489009857177734
0.02025437355041504
0.014599323272705078
0.14212465286254883
0.028023481369018555
0.145798921585083
0.030887126922607422
0.15124940872192383
0.02985095977783203
0.12896013259887695
0.05061817169189453
0.08150243759155273
0.06290817260742188
0.07286524772644043
0.053005218505859375
0.06305456161499023
0.04097318649291992
0.05431365966796875
0.08959531784057617
0.011939764022827148
0.12699627876281738
0.0342557430267334
0.09878158569335938
0.027241230010986328
0.09087562561035156
0.026473283767700195
0.09863471984863281
0.023639917373657227
0.06605195999145508
0.03688168525695801
0.014211654663085938
0.07521724700927734
0.02325892448425293
0.11901617050170898
0.011562108993530273
0.10998058319091797
0.06891775131225586
0.049611568450927734
0.08354949951171875
0.05929398536682129
0.0925607681274414
0.06137275695800781
0.0867152214050293
0.04021000862121582
0.09146904945373535
0.06223034858703613
0.02497386932373047
0.14888739585876465
0.040074825286865234
0.15696334838867188
0.03776836395263672
0.18523025512695312
0.12111830711364746
0.13768911361694336
0.10575485229492188
0.10546398162841797
0.049179792404174805
0.06458783149719238
0.024902820587158203
0.014011621475219727
0.1126716136932373
0.01953601837158203
0.11763691902160645
0.01401209831237793
0.13062405586242676
0.04106736183166504
0.11497330665588379
0.028434038162231445
0.08255743980407715
0.03408479690551758
0.09062838554382324
0.025603771209716797
0.0690147876739502
0.04177975654602051
0.053433895111083984
0.03969550132751465
0.0597689151763916
0.016726016998291016
0.1059722900390625
0.03652691841125488
0.11206650733947754
0.06492757797241211
0.09724974632263184
0.12077450752258301
0.09405231475830078
0.11904025077819824
0.0846707820892334
0.014247417449951172
0.1478569507598877
0.05755305290222168
0.13146042823791504
0.0588221549987793
0.13120079040527344
0.04321765899658203
0.08750391006469727
0.05409359931945801
0.09279084205627441
0.04391050338745117
0.07823681831359863
0.034769296646118164
0.06105661392211914
0.0769948959350586
0.07797074317932129
0.11702275276184082
0.022562742233276367
0.05549812316894531
0.15486955642700195
0.04688262939453125
0.2306530475616455
0.02294921875
0.2331545352935791
0.013005733489990234
0.22345447540283203
0.03577065467834473
0.015804290771484375
0.21099042892456055
0.03685140609741211
0.18045830726623535
0.04137992858886719
0.19712185859680176
0.02004861831665039
0.07209348678588867
0.17368316650390625
0.03967761993408203
0.1603386402130127
0.025713682174682617
0.13591909408569336
0.09405922889709473
0.01309061050415039
0.2131955623626709
0.016559600830078125
0.2229936122894287
0.024004220962524414
0.19981837272644043
0.047150611877441406
0.07421875
0.017697811126708984
0.0538942813873291
0.09567499160766602
0.024781227111816406
0.08490610122680664
0.024015426635742188
0.0941927433013916
0.013859748840332031
0.10754966735839844
0.13128352165222168
0.025397777557373047
0.09960174560546875
0.023386716842651367
0.01459503173828125
0.09292006492614746
0.013235807418823242
0.14217281341552734
0.027184486389160156
0.11228799819946289
0.056319236755371094
0.09974527359008789
0.09008455276489258
0.09501862525939941
0.09577226638793945
0.10393953323364258
0.07894372940063477
0.11435556411743164
0.06565546989440918
0.06454801559448242
0.1595292091369629
0.0696420669555664
0.17089414596557617
0.057677268981933594
0.022839784622192383
0.19358277320861816
0.048140764236450195
0.14457297325134277
0.024319887161254883
0.15004515647888184
0.06410050392150879
0.11137032508850098
0.07764935493469238
0.11005806922912598
0.05268096923828125
0.11814594268798828
0.06385612487792969
0.02904534339904785
0.1640458106994629
0.037835121154785156
0.1479477882385254
0.02610039710998535
0.02391219139099121
0.09093666076660156
0.024028778076171875
0.10630965232849121
0.015022993087768555
0.10872387886047363
0.013893365859985352
0.012975931167602539
0.07626008987426758
0.01354074478149414
0.052014827728271484
0.03379392623901367
0.07244539260864258
0.07763957977294922
0.03768610954284668
0.04832625389099121
0.01705145835876465
0.0850825309753418
0.01665973663330078
0.009960412979125977
0.06206393241882324
0.05407214164733887
0.07569050788879395
0.03156781196594238
0.07392644882202148
0.037602901458740234
0.02393817901611328
0.0816957950592041
0.04998469352722168
0.11760210990905762
0.13960528373718262
0.084686279296875
0.14132165908813477
0.11984610557556152
0.01305699348449707
0.12244653701782227
0.06217241287231445
0.10129356384277344
0.03918623924255371
0.07753419876098633
0.03497028350830078
0.02212071418762207
0.1289501190185547
0.042682647705078125
0.14029431343078613
0.06467604637145996
0.024152040481567383
0.18907785415649414
0.057790279388427734
0.17989253997802734
0.0629432201385498
0.18931198120117188
0.07263636589050293
0.16251850128173828
0.05084085464477539
0.026034116744995117
0.14765024185180664
0.01710677146911621
0.1857607364654541
0.014838933944702148
0.17502474784851074
0.014097452163696289
0.1575484275817871
0.014850854873657227
0.11516022682189941
0.016427278518676758
0.12209272384643555
0.03138232231140137
0.11353015899658203
0.04192972183227539
0.13149595260620117
0.040472984313964844
0.01610851287841797
0.1530170440673828
0.040929555892944336
0.14070892333984375
0.06005573272705078
0.12893152236938477
0.09281754493713379
0.07243895530700684
0.05253148078918457
0.035033464431762695
0.1309821605682373
0.04173755645751953
0.1313636302947998
0.012923479080200195
0.1093909740447998
0.03716254234313965
0.0785064697265625
0.02605581283569336
0.10973644256591797
0.012566804885864258
0.10562705993652344
0.013770580291748047
0.16580581665039062
0.029693603515625
0.12725329399108887
0.04616498947143555
0.11175251007080078
0.07378363609313965
0.06535720825195312
0.0694129467010498
0.13993239402770996
0.0924065113067627
0.1771702766418457
0.07102608680725098
0.16797780990600586
0.06287240982055664
0.16369056701660156
0.09895205497741699
0.14760303497314453
0.07029390335083008
0.15024399757385254
0.026469707489013672
0.0646677017211914
0.33844709396362305
0.03494620323181152
0.3040435314178467
0.03812718391418457
0.012964725494384766
0.12947821617126465
0.056691646575927734
0.12951421737670898
0.04157400131225586
0.12343931198120117
0.03966808319091797
0.08836030960083008
0.05857276916503906
0.06199145317077637
0.026975631713867188
0.08287405967712402
0.035947561264038086
0.06698489189147949
0.014847755432128906
0.04422307014465332
0.041797637939453125
0.03397941589355469
0.07495379447937012
0.17308855056762695
0.033709049224853516
0.11837100982666016
0.013853788375854492
0.0617978572845459
0.01411890983581543
0.04197382926940918
0.0863957405090332
0.042140960693359375
0.09042906761169434
0.025162220001220703
0.026631832122802734
0.10981869697570801
0.04199504852294922
0.15396857261657715
0.012239694595336914
0.08582448959350586
0.14806056022644043
0.07213163375854492
0.1501173973083496
0.02335500717163086
0.014909744262695312
0.11215376853942871
0.013033866882324219
0.12960529327392578
0.06902503967285156
0.03101801872253418
0.21409106254577637
0.02192521095275879
0.2021801471710205
0.021545886993408203
0.025158405303955078
0.21785259246826172
0.022866249084472656
0.20233941078186035
0.04118537902832031
0.17539024353027344
0.063323974609375
0.1256389617919922
0.07610654830932617
0.10271024703979492
0.07300257682800293
0.025220155715942383
0.08381891250610352
0.0661623477935791
0.07278323173522949
0.07295727729797363
0.02503824234008789
0.10498905181884766
0.02315044403076172
0.1247110366821289
0.025851726531982422
0.16936111450195312
0.058051109313964844
0.13152837753295898
0.038360595703125
0.043808937072753906
0.09457755088806152
0.08510398864746094
0.056760549545288086
0.03994345664978027
0.08017230033874512
0.03902482986450195
0.07705163955688477
0.02125835418701172
0.09147262573242188
0.019756317138671875
0.05549120903015137
0.02512955665588379
0.10249805450439453
0.02589893341064453
0.16503548622131348
0.028877735137939453
0.08875846862792969
0.07816267013549805
0.05763411521911621
0.07808399200439453
0.09516286849975586
0.023354530334472656
0.16557598114013672
0.025724411010742188
0.14872288703918457
0.013289928436279297
0.15338611602783203
0.03349614143371582
0.17281889915466309
0.024871349334716797
0.15668725967407227
0.03787660598754883
0.016136646270751953
0.12402558326721191
0.029982328414916992
0.07551383972167969
0.015552043914794922
0.1528468132019043
0.0153961181640625
0.12343358993530273
0.0433499813079834
0.12386345863342285
0.03102254867553711
0.062036991119384766
0.10580039024353027
0.10099458694458008
0.10654139518737793
0.1406843662261963
0.13199353218078613
0.023659706115722656
0.11015009880065918
0.16803717613220215
0.023846149444580078
0.09363102912902832
0.011070728302001953
0.025124788284301758
0.10085320472717285
0.01089024543762207
0.14114046096801758
0.02179098129272461
0.05293107032775879
0.1361532211303711
0.030961275100708008
0.13773465156555176
0.015119791030883789
0.13296008110046387
0.012888431549072266
0.04066944122314453
0.11848044395446777
0.022324323654174805
0.11854767799377441
0.04297208786010742
0.11883425712585449
0.13227105140686035
0.046151161193847656
0.09740567207336426
0.017201900482177734
0.05990457534790039
0.03707122802734375
0.14293742179870605
0.03270530700683594
0.1033022403717041
0.02689838409423828
0.11163091659545898
0.022417783737182617
0.12961316108703613
0.06419873237609863
