0.10863065719604492
0.13090872764587402
0.2017803192138672
0.03507518768310547
0.20078754425048828
0.07103681564331055
0.08204150199890137
0.06285953521728516
0.1681840419769287
0.10069608688354492
0.1132354736328125
0.23772144317626953
0.08729672431945801
0.1277008056640625
0.01615166664123535
0.2459101676940918
0.04498171806335449
0.11887788772583008
0.057279109954833984
0.10581445693969727
0.16068410873413086
0.6350321769714355
0.3969242572784424
0.7530393600463867
0.028562545776367188
0.9724030494689941
0.04601430892944336
1.0660951137542725
0.014029741287231445
0.2629818916320801
0.5038740634918213
0.10219883918762207
0.1891632080078125
0.11385345458984375
0.1005868911743164
0.01209712028503418
0.21415352821350098
0.10274267196655273
0.2538168430328369
0.2551112174987793
0.20835041999816895
0.2771127223968506
0.21673178672790527
0.18508577346801758
0.20543861389160156
0.13532543182373047
0.38307690620422363
0.014665365219116211
0.41300010681152344
0.12279248237609863
0.5461654663085938
0.3558053970336914
0.4288806915283203
0.22504043579101562
0.014014005661010742
1.102041244506836
0.20211172103881836
0.1558060646057129
0.4832587242126465
0.11915063858032227
0.20574378967285156
0.07020998001098633
0.11400079727172852
0.22571849822998047
0.2836873531341553
0.1772778034210205
0.29865050315856934
0.08460807800292969
0.27577733993530273
0.14357566833496094
0.2825624942779541
0.2673776149749756
0.09507918357849121
0.2779364585876465
0.19395804405212402
0.01306462287902832
0.345012903213501
0.028925418853759766
0.3341639041900635
0.02471303939819336
0.3088529109954834
0.06503129005432129
0.346325159072876
0.03048086166381836
0.02345585823059082
0.366924524307251
0.023813962936401367
0.27789926528930664
0.06262731552124023
0.3153419494628906
0.03276538848876953
0.3331112861633301
0.058281660079956055
0.31951141357421875
0.06939482688903809
0.21897363662719727
0.01758122444152832
0.2003769874572754
0.1507728099822998
0.26773571968078613
0.11941289901733398
0.16338324546813965
0.0960695743560791
0.20532774925231934
0.07202816009521484
0.025553464889526367
0.2560265064239502
0.036661624908447266
0.28203678131103516
0.1057438850402832
0.16510295867919922
0.1428818702697754
0.33301377296447754
0.10724401473999023
0.28267645835876465
0.1279010772705078
0.38294458389282227
0.12627506256103516
0.2887547016143799
0.08407044410705566
0.23094820976257324
0.17544031143188477
0.1096961498260498
0.2830941677093506
0.06388711929321289
0.3491499423980713
0.09665703773498535
0.030813217163085938
0.2522575855255127
0.03377795219421387
0.20013928413391113
0.012961149215698242
0.33629345893859863
0.09418344497680664
0.36632370948791504
0.02386617660522461
0.3379676342010498
0.12689733505249023
0.055155277252197266
0.3586256504058838
0.014998197555541992
0.29865097999572754
0.02024531364440918
0.09578180313110352
0.18487262725830078
0.22909021377563477
0.1310138702392578
0.05602240562438965
0.27292633056640625
0.033304452896118164
0.15712904930114746
0.06209540367126465
0.21934795379638672
0.10489344596862793
0.02720165252685547
0.1907634735107422
0.012159109115600586
0.05979657173156738
0.13662362098693848
0.049932003021240234
0.18146634101867676
0.0683131217956543
0.09251737594604492
0.02325916290283203
0.12253236770629883
0.15616106986999512
0.06087040901184082
0.16700434684753418
0.17826175689697266
0.1014852523803711
0.1290431022644043
0.1091606616973877
0.1299893856048584
0.023101329803466797
0.19957661628723145
0.13619232177734375
0.4507741928100586
0.1330568790435791
0.3927743434906006
0.21932697296142578
0.31772851943969727
0.14694809913635254
0.19915342330932617
0.11973452568054199
0.02331089973449707
0.21868300437927246
0.0433657169342041
0.022556781768798828
0.017570018768310547
0.07418179512023926
0.015342235565185547
0.17070436477661133
0.020014286041259766
0.1366744041442871
0.06314492225646973
0.11136841773986816
0.1794581413269043
0.014147520065307617
0.08886003494262695
0.1913433074951172
0.08759212493896484
0.19011235237121582
0.09902238845825195
0.09808182716369629
0.017922163009643555
0.19978761672973633
0.13883757591247559
0.11389589309692383
0.3452742099761963
0.20953941345214844
0.3661363124847412
0.16591358184814453
0.42144107818603516
0.3416402339935303
0.3082141876220703
0.01775217056274414
0.27622437477111816
0.45350193977355957
0.11298227310180664
0.01991581916809082
0.414395809173584
0.03458118438720703
0.3799726963043213
0.06891655921936035
0.5510356426239014
0.11420440673828125
0.08777594566345215
0.5189571380615234
0.015143632888793945
0.5870678424835205
0.0238344669342041
0.05929398536682129
0.3444814682006836
0.058592796325683594
0.1722705364227295
0.13302350044250488
0.22923517227172852
0.03892970085144043
0.11623263359069824
0.1667485237121582
0.1328737735748291
0.13089823722839355
0.15214300155639648
0.1931602954864502
0.08879280090332031
0.19917964935302734
0.03672003746032715
0.172760009765625
0.14265131950378418
0.07909417152404785
0.1676483154296875
0.14978313446044922
0.013317584991455078
0.17897677421569824
0.014415502548217773
0.20071983337402344
0.06770849227905273
0.24192118644714355
0.2157740592956543
0.293975830078125
0.14207029342651367
0.08192849159240723
0.4389960765838623
0.1297283172607422
0.036183834075927734
0.3939812183380127
0.15489625930786133
0.33904552459716797
0.011787891387939453
0.5109093189239502
0.13102221488952637
0.49964332580566406
0.013476133346557617
0.02800273895263672
0.420717716217041
0.15485072135925293
0.12456560134887695
0.1943826675415039
0.13511872291564941
0.23608779907226562
0.047193050384521484
0.20381784439086914
0.07072925567626953
0.12295341491699219
0.13924050331115723
0.07950139045715332
0.06515049934387207
0.057859182357788086
0.25143980979919434
0.13965320587158203
0.023387432098388672
0.0994727611541748
0.12688398361206055
0.09124279022216797
0.2639460563659668
0.13407659530639648
0.045974016189575195
0.11855196952819824
0.04510617256164551
0.11182880401611328
0.03521227836608887
0.2407975196838379
0.015065670013427734
0.33374667167663574
0.01421499252319336
0.18132901191711426
0.2962613105773926
0.02520895004272461
0.2027297019958496
0.06798171997070312
0.0978083610534668
0.2511138916015625
0.024558067321777344
0.021486997604370117
0.29278564453125
0.21319341659545898
0.015545368194580078
0.6246693134307861
0.018856525421142578
0.013649940490722656
0.4288456439971924
0.19895219802856445
0.19453120231628418
0.024340152740478516
0.1840498447418213
0.014986753463745117
0.03719949722290039
0.025734424591064453
0.12873554229736328
0.03265213966369629
0.025693893432617188
0.14158964157104492
0.18716645240783691
0.02487349510192871
0.09151268005371094
0.36812543869018555
0.05852007865905762
0.01172327995300293
0.48709988594055176
0.14176368713378906
0.4754343032836914
0.022707700729370117
0.012887001037597656
0.35834360122680664
0.2415142059326172
0.1403803825378418
0.11063814163208008
0.21776866912841797
0.1872410774230957
0.14701056480407715
0.1166846752166748
0.0979146957397461
0.2737724781036377
0.12553000450134277
0.17951035499572754
0.44744277000427246
0.1021265983581543
0.42690157890319824
0.013679981231689453
0.2797079086303711
0.20612263679504395
0.27376389503479004
0.08101654052734375
0.267087459564209
0.2969346046447754
0.3983116149902344
0.24880385398864746
0.11494040489196777
0.23775887489318848
0.23696255683898926
0.29996728897094727
0.23810887336730957
0.2550313472747803
0.15894389152526855
0.02527141571044922
0.3937516212463379
0.07583093643188477
0.24804186820983887
0.07955265045166016
0.21597051620483398
0.02677321434020996
0.015397071838378906
0.31658291816711426
0.033297061920166016
0.24590420722961426
0.0633385181427002
0.17542815208435059
0.08416986465454102
0.2500019073486328
0.09613776206970215
0.25205349922180176
0.02404642105102539
0.1338939666748047
0.1820051670074463
0.03319144248962402
0.29800891876220703
0.059908151626586914
0.2868664264678955
0.07401227951049805
0.49899983406066895
0.013534784317016602
0.04953503608703613
0.4290428161621094
0.03872370719909668
0.4660511016845703
0.0971519947052002
0.4978458881378174
0.08204984664916992
0.4988865852355957
0.2649662494659424
0.11376118659973145
0.4349806308746338
0.17920732498168945
0.3418879508972168
0.025127887725830078
0.12526893615722656
0.29338622093200684
0.1331489086151123
0.31488561630249023
0.18709087371826172
0.5199868679046631
0.1779332160949707
0.4850633144378662
0.02176070213317871
0.22898173332214355
0.4130401611328125
0.014039278030395508
0.11292529106140137
0.14906764030456543
0.17485976219177246
0.11511898040771484
0.162733793258667
0.29999709129333496
0.20569396018981934
0.22136354446411133
0.023080110549926758
0.4608802795410156
0.014043569564819336
0.10165166854858398
0.20737767219543457
0.03482484817504883
0.2647228240966797
0.012079954147338867
0.15479445457458496
0.04912614822387695
0.18992400169372559
0.013156414031982422
0.0799875259399414
0.14086532592773438
0.6795995235443115
0.13015294075012207
0.15413165092468262
0.41724228858947754
0.29665589332580566
0.19795465469360352
0.2970771789550781
0.13925480842590332
0.4628784656524658
0.045889854431152344
0.1648268699645996
0.07026505470275879
0.15352296829223633
0.023129940032958984
0.20996499061584473
0.18926000595092773
0.15314579010009766
0.1424107551574707
0.2065730094909668
0.3078422546386719
0.2399156093597412
0.3575615882873535
0.24179363250732422
0.40818285942077637
0.4481532573699951
0.013951778411865234
0.34481072425842285
0.38994741439819336
0.29764485359191895
0.3412332534790039
0.013695240020751953
0.29599690437316895
0.01481771469116211
0.18652820587158203
0.1509401798248291
0.20795679092407227
0.3019232749938965
0.1840965747833252
0.2669332027435303
0.09434127807617188
0.1906416416168213
0.02691197395324707
0.026461124420166016
0.17026543617248535
0.17452430725097656
0.3686184883117676
0.024970293045043945
0.22969651222229004
0.3681519031524658
0.135267972946167
0.23852062225341797
0.05117607116699219
0.11795926094055176
0.014893770217895508
0.035930633544921875
0.32640862464904785
0.061412811279296875
0.29633235931396484
0.07613420486450195
0.20756149291992188
0.15288591384887695
0.09812688827514648
0.1945345401763916
0.0932168960571289
0.10911178588867188
0.01334834098815918
0.12563538551330566
0.047972917556762695
0.013953208923339844
0.14583420753479004
0.028871536254882812
0.15596985816955566
0.012242794036865234
0.12090063095092773
0.13139700889587402
0.1339254379272461
0.035591840744018555
0.11477494239807129
0.01319122314453125
0.01698136329650879
0.13179993629455566
0.07401466369628906
0.12603187561035156
0.040109872817993164
0.2199251651763916
0.18324518203735352
0.013028144836425781
0.1836080551147461
0.26690077781677246
0.336029052734375
0.20842862129211426
0.3288557529449463
0.025914430618286133
0.3868100643157959
0.09715104103088379
0.4866461753845215
0.03409695625305176
0.3812386989593506
0.03478240966796875
0.2979881763458252
0.13603520393371582
0.23049426078796387
0.011991500854492188
0.3288583755493164
0.018973588943481445
0.4743068218231201
0.1978311538696289
0.6321525573730469
0.23461031913757324
0.620647668838501
0.3192601203918457
0.014155387878417969
0.8038380146026611
0.16523408889770508
0.7368171215057373
0.14707159996032715
0.024371862411499023
0.6083629131317139
0.3351716995239258
0.20187854766845703
0.014149904251098633
0.5400464534759521
0.023937225341796875
0.4298524856567383
0.05814504623413086
0.27281761169433594
0.1670982837677002
0.14923357963562012
0.1500694751739502
0.1655125617980957
0.33109092712402344
0.14390921592712402
0.3608262538909912
0.16593456268310547
0.14004969596862793
0.11575484275817871
0.2310163974761963
0.1333310604095459
0.15349316596984863
0.18631863594055176
0.09200906753540039
0.025760650634765625
0.0627899169921875
0.12029767036437988
0.013750314712524414
0.129838228225708
0.13506650924682617
0.17107129096984863
0.0949242115020752
0.16422033309936523
0.46689319610595703
0.07000732421875
0.5084676742553711
0.040305137634277344
0.1253187656402588
0.17397141456604004
0.246368408203125
0.024434328079223633
0.015938758850097656
0.04260611534118652
0.02395153045654297
0.1729285717010498
0.09821677207946777
0.12975716590881348
0.11284947395324707
0.10306978225708008
0.012281179428100586
0.2867255210876465
0.08991336822509766
0.3151366710662842
0.18280839920043945
0.3851613998413086
0.23795127868652344
0.23684000968933105
0.5684466361999512
0.25012660026550293
0.5244748592376709
0.2598857879638672
0.24127936363220215
0.49857568740844727
0.27728748321533203
0.4336719512939453
0.16605472564697266
0.4490518569946289
0.11680412292480469
0.08994650840759277
0.30914783477783203
0.02819228172302246
0.2109358310699463
0.03388404846191406
0.024801254272460938
0.3870058059692383
0.01804518699645996
0.2258307933807373
0.14023613929748535
0.22996258735656738
0.09613204002380371
0.02314448356628418
0.2386949062347412
0.017777204513549805
0.3411216735839844
0.03605008125305176
0.11498451232910156
0.1607213020324707
0.05971360206604004
0.11828088760375977
0.14819097518920898
0.2048661708831787
0.11815500259399414
0.26360011100769043
0.010129928588867188
0.18901538848876953
0.15121698379516602
0.20463228225708008
0.052057743072509766
0.03503012657165527
0.3536539077758789
0.032975196838378906
0.024190425872802734
0.33569908142089844
0.1003563404083252
0.2768535614013672
0.04540562629699707
0.26186442375183105
0.09723639488220215
0.23783564567565918
0.07602596282958984
0.24880695343017578
0.08189535140991211
0.11244750022888184
0.08944082260131836
0.014373064041137695
0.12137818336486816
0.0924832820892334
0.23676252365112305
0.19184160232543945
0.13910245895385742
0.011085987091064453
0.20096540451049805
0.19481968879699707
0.013190031051635742
0.025961875915527344
0.16575336456298828
0.06250882148742676
0.16518139839172363
0.02021646499633789
0.2690870761871338
0.01490926742553711
0.0789341926574707
0.12294220924377441
0.20133113861083984
0.021997451782226562
0.16087126731872559
0.11973190307617188
0.08701205253601074
0.3068573474884033
0.1009972095489502
0.1129152774810791
0.20540809631347656
0.24273228645324707
0.16103625297546387
0.1648867130279541
0.13028669357299805
0.32257580757141113
0.013234138488769531
0.14594292640686035
0.4369969367980957
0.0765829086303711
0.03635001182556152
0.40764403343200684
0.041001319885253906
0.3823666572570801
0.02543354034423828
0.021483659744262695
0.3955068588256836
0.03525519371032715
0.015830039978027344
0.3659944534301758
0.03511643409729004
0.01557302474975586
0.33887243270874023
0.024114131927490234
0.20588207244873047
0.3362703323364258
0.03544354438781738
0.22130107879638672
0.016445636749267578
0.5483524799346924
0.017888784408569336
0.26208972930908203
0.08287715911865234
0.07892203330993652
0.10848641395568848
0.11122751235961914
0.052256107330322266
0.13409209251403809
0.06037425994873047
0.13542556762695312
0.012644052505493164
0.11333441734313965
0.1238088607788086
0.03316450119018555
0.08184695243835449
0.08239555358886719
0.08189177513122559
0.09114551544189453
0.21442508697509766
0.10509467124938965
0.24876022338867188
0.060057640075683594
0.20205450057983398
0.01596975326538086
0.06325936317443848
0.19905877113342285
0.1084439754486084
0.1280686855316162
0.09842061996459961
0.02486395835876465
0.14855265617370605
0.013994455337524414
0.051088571548461914
0.013780593872070312
0.13437652587890625
0.1346595287322998
0.3140733242034912
0.0970923900604248
0.10662388801574707
0.12308955192565918
0.010863065719604492
0.2855038642883301
0.07046866416931152
0.2880744934082031
0.09875130653381348
0.032401084899902344
0.3628542423248291
0.20580482482910156
0.010924577713012695
0.34997081756591797
0.0661611557006836
0.49065613746643066
0.09099340438842773
0.016295433044433594
0.482607364654541
0.014230012893676758
0.2777230739593506
0.26334118843078613
0.08663439750671387
0.01408076286315918
0.1591038703918457
0.1378016471862793
0.024201154708862305
0.2847740650177002
0.15811514854431152
0.27805089950561523
0.11373567581176758
0.25934314727783203
0.15380382537841797
0.32892298698425293
0.16785073280334473
0.013010501861572266
0.1713399887084961
0.012905359268188477
0.03802847862243652
0.25559282302856445
0.09124994277954102
0.2706120014190674
0.11212611198425293
0.4090399742126465
0.022846698760986328
0.012018918991088867
0.27577733993530273
0.03750014305114746
0.13533496856689453
0.4001946449279785
0.013085126876831055
0.05284762382507324
0.2626810073852539
0.0223388671875
0.26294994354248047
0.018979310989379883
0.0478513240814209
0.24244046211242676
0.04346108436584473
0.1809091567993164
0.06819820404052734
0.16771316528320312
0.11445879936218262
0.024598360061645508
0.2946665287017822
0.039267539978027344
0.08104300498962402
0.08179712295532227
0.13071727752685547
0.10027313232421875
0.13498878479003906
0.2347583770751953
0.0236661434173584
0.10133123397827148
0.43410205841064453
0.03385186195373535
0.31697940826416016
0.013300657272338867
0.026607513427734375
0.24186992645263672
0.12918925285339355
0.02488422393798828
0.2507023811340332
0.07900762557983398
0.20038866996765137
0.028094053268432617
0.1328442096710205
0.025973796844482422
0.026040315628051758
0.1157681941986084
0.1316370964050293
0.16193628311157227
0.22753357887268066
0.013597488403320312
0.08390116691589355
0.014097213745117188
0.03805828094482422
0.024926424026489258
0.10416841506958008
0.03246474266052246
0.1053462028503418
0.14207220077514648
0.024651050567626953
0.12595748901367188
0.025063514709472656
0.049045562744140625
0.0359344482421875
0.03506278991699219
0.08034276962280273
0.02734065055847168
0.025620698928833008
0.09105038642883301
0.012485265731811523
0.015490531921386719
0.013961076736450195
0.01797938346862793
0.013109683990478516
0.01517486572265625
0.014687299728393555
0.01599287986755371
0.035112857818603516
0.09275078773498535
0.013666629791259766
0.13000726699829102
0.1438767910003662
0.1220252513885498
0.13313651084899902
0.1423814296722412
0.1416165828704834
0.14356231689453125
0.03202366828918457
0.1262044906616211
0.035912275314331055
0.0908670425415039
0.04906201362609863
0.07573819160461426
0.041280508041381836
0.07172012329101562
0.045114755630493164
0.014900684356689453
0.015022993087768555
0.015975236892700195
0.026419878005981445
0.11827802658081055
0.01311349868774414
0.024031877517700195
0.0887596607208252
0.015160083770751953
0.031106233596801758
0.10260605812072754
0.13235259056091309
0.13467788696289062
0.11188054084777832
0.13120245933532715
0.1315443515777588
0.04428601264953613
0.11008954048156738
0.14441609382629395
0.13617444038391113
0.013292789459228516
0.016031503677368164
0.0826869010925293
0.0500640869140625
0.021155357360839844
0.01688241958618164
0.014865398406982422
0.1307528018951416
0.13089203834533691
0.11010360717773438
0.12894368171691895
0.03514504432678223
0.01294398307800293
0.08804583549499512
0.024914264678955078
0.014177322387695312
0.09880709648132324
0.017744064331054688
0.02507638931274414
0.07372713088989258
0.02408432960510254
0.016125202178955078
0.16491389274597168
0.13328790664672852
0.11355710029602051
0.11991190910339355
0.03598833084106445
0.027217626571655273
0.012684345245361328
0.013335704803466797
0.047095537185668945
0.026695728302001953
0.014783143997192383
0.023654460906982422
0.13538074493408203
0.13175034523010254
0.10985279083251953
0.023190975189208984
0.1030426025390625
0.1323997974395752
0.1302030086517334
0.02318286895751953
0.10236763954162598
0.037680625915527344
0.02432703971862793
0.06377124786376953
0.0722355842590332
0.03375077247619629
0.025476455688476562
0.0869143009185791
0.02537369728088379
0.017801761627197266
0.09873199462890625
0.03612065315246582
0.014832019805908203
0.09438824653625488
0.014674186706542969
0.025304794311523438
0.026159048080444336
0.06455612182617188
0.05094146728515625
0.014774084091186523
0.016121864318847656
0.03278684616088867
0.08162975311279297
0.023200511932373047
0.014145612716674805
0.014219284057617188
0.10181927680969238
0.015659093856811523
0.13214826583862305
0.14456510543823242
0.11300230026245117
0.14196109771728516
0.1322190761566162
0.13605260848999023
0.143721342086792
0.045081138610839844
0.10210299491882324
0.12609243392944336
0.14795327186584473
0.016331195831298828
0.026362895965576172
0.07611322402954102
0.03984546661376953
0.08675289154052734
0.023194313049316406
