0.14913058280944824
0.24770021438598633
0.10072159767150879
0.37055015563964844
0.047139644622802734
0.4004685878753662
0.0650029182434082
0.35843944549560547
0.0665750503540039
0.012113094329833984
0.5237665176391602
0.02139592170715332
0.4718286991119385
0.016403675079345703
0.29133152961730957
0.1242685317993164
0.18365955352783203
0.18550801277160645
0.33446621894836426
0.026055574417114258
0.3104875087738037
0.013924598693847656
0.1829235553741455
0.065093994140625
0.16110920906066895
0.03518176078796387
0.09881377220153809
0.10576438903808594
0.12719178199768066
0.06250691413879395
0.11491918563842773
0.08718442916870117
0.02501535415649414
0.2238292694091797
0.013860940933227539
0.2901039123535156
0.01085519790649414
0.2999281883239746
0.05197286605834961
0.3440685272216797
0.06895232200622559
0.237105131149292
0.14528393745422363
0.07073402404785156
0.16384410858154297
0.2623920440673828
0.11150407791137695
0.3274085521697998
0.1828455924987793
0.3275127410888672
0.11316967010498047
0.3850071430206299
0.06401777267456055
0.3939549922943115
0.12976717948913574
0.2449491024017334
0.0671846866607666
0.34081578254699707
0.01289820671081543
0.22809505462646484
0.1308910846710205
0.2729651927947998
0.045047760009765625
0.40146684646606445
0.12909793853759766
0.13194727897644043
0.13108396530151367
0.15979886054992676
0.20516419410705566
0.03295755386352539
0.023908138275146484
0.34412670135498047
0.16098332405090332
0.1867988109588623
0.1215665340423584
0.24254608154296875
0.05128359794616699
0.39893341064453125
0.03517436981201172
0.3259139060974121
0.014969587326049805
0.32843589782714844
0.012758255004882812
0.22517013549804688
0.13276267051696777
0.20014333724975586
0.10726380348205566
0.2528388500213623
0.11587214469909668
0.3242311477661133
0.022603511810302734
0.2609257698059082
0.14193439483642578
0.17276692390441895
0.07277750968933105
0.20189714431762695
0.09317231178283691
0.17112493515014648
0.02673649787902832
0.21427345275878906
0.1770477294921875
0.16341567039489746
0.13145732879638672
0.05997514724731445
0.25608325004577637
0.031809091567993164
0.26334619522094727
0.08463072776794434
0.22379255294799805
0.03170919418334961
0.13301610946655273
0.19904208183288574
0.0278780460357666
0.2344038486480713
0.10184502601623535
0.1631934642791748
0.019908666610717773
0.18906784057617188
0.24397778511047363
0.023462533950805664
0.27443909645080566
0.1350393295288086
0.20520520210266113
0.10999464988708496
0.3557398319244385
0.06585526466369629
0.3426628112792969
0.012202262878417969
0.3559432029724121
0.01385807991027832
0.1340179443359375
0.25600266456604004
0.16005682945251465
0.1701352596282959
0.09527444839477539
0.0336763858795166
0.2138381004333496
0.1220242977142334
0.22035622596740723
0.018227338790893555
0.13395452499389648
0.2600841522216797
0.015247821807861328
0.34975457191467285
0.06515359878540039
0.24002504348754883
0.04767751693725586
0.31714415550231934
0.26709794998168945
0.06599187850952148
0.34853124618530273
0.02811574935913086
0.34905028343200684
0.1549389362335205
0.19205307960510254
0.10597777366638184
0.37902331352233887
0.024830341339111328
0.3859524726867676
0.08702421188354492
0.22887730598449707
0.07709169387817383
0.32873988151550293
0.03370022773742676
0.3365604877471924
0.10482597351074219
0.2868771553039551
0.13494396209716797
0.27315473556518555
0.161942720413208
0.13097524642944336
0.22104382514953613
0.012410163879394531
0.23447394371032715
0.03286147117614746
0.16622304916381836
0.16880297660827637
0.4549522399902344
0.09377074241638184
0.27112364768981934
0.25322771072387695
0.11298131942749023
0.27780652046203613
0.03635907173156738
0.04531049728393555
0.11096596717834473
0.10016369819641113
0.17786169052124023
0.13898515701293945
0.03455209732055664
0.3581724166870117
0.01532292366027832
0.417896032333374
0.13886284828186035
0.24697518348693848
0.11602449417114258
0.30284547805786133
0.02097940444946289
0.20427489280700684
0.2749624252319336
0.1650710105895996
0.23093962669372559
0.19770479202270508
0.17897844314575195
0.2081770896911621
0.438917875289917
0.044454097747802734
0.3812255859375
0.13425779342651367
0.2516794204711914
0.07109189033508301
0.23912286758422852
0.26697540283203125
0.0977640151977539
0.16808009147644043
0.03596043586730957
0.4210329055786133
0.07699990272521973
0.25457072257995605
0.16680479049682617
0.22112751007080078
0.1651461124420166
0.16117167472839355
0.17307639122009277
0.11252427101135254
0.1437544822692871
0.1529712677001953
0.21602487564086914
0.012514352798461914
0.21565723419189453
0.16783642768859863
0.16295313835144043
0.13782572746276855
0.1433413028717041
0.0338435173034668
0.24902677536010742
0.12827157974243164
0.18552136421203613
0.11252069473266602
0.24041509628295898
0.024313926696777344
0.13257479667663574
0.3079862594604492
0.013339996337890625
0.3588542938232422
0.14713740348815918
0.2005023956298828
0.171159029006958
0.28978848457336426
0.013401508331298828
0.3346133232116699
0.025883913040161133
0.41699862480163574
0.12908077239990234
0.33611154556274414
0.04579567909240723
0.32364749908447266
0.058388471603393555
0.346874475479126
0.2161862850189209
0.022203683853149414
0.24483299255371094
0.21969294548034668
0.21482276916503906
0.13402581214904785
0.0773458480834961
0.25431323051452637
0.18535137176513672
0.12924408912658691
0.026575565338134766
0.1971585750579834
0.134751558303833
0.11745071411132812
0.026615142822265625
0.1172037124633789
0.03754138946533203
0.15024709701538086
0.12174463272094727
0.032788991928100586
0.15010595321655273
0.024144411087036133
0.13277626037597656
0.0776357650756836
0.09454917907714844
0.19329428672790527
0.027256488800048828
0.1335151195526123
0.0448150634765625
0.1329648494720459
0.0798501968383789
0.15676188468933105
0.02227020263671875
0.0913398265838623
0.025640010833740234
0.06881451606750488
0.21195054054260254
0.07087850570678711
0.12081480026245117
0.13004398345947266
0.06105232238769531
0.15108776092529297
0.03331732749938965
0.2656075954437256
0.10466933250427246
0.13402986526489258
0.10989546775817871
0.06717801094055176
0.1361222267150879
0.17861676216125488
0.03501605987548828
0.19097042083740234
0.05086970329284668
0.14848756790161133
0.037487030029296875
0.1240987777709961
0.07088756561279297
0.16501569747924805
0.06303143501281738
0.16083359718322754
0.13404130935668945
0.1258831024169922
0.034406423568725586
0.1269245147705078
0.06565141677856445
0.014967203140258789
0.14797067642211914
0.03817582130432129
0.08393478393554688
0.12382030487060547
0.1006021499633789
0.13622021675109863
0.2872657775878906
0.055835723876953125
0.3218419551849365
0.15004420280456543
0.11907792091369629
0.22687435150146484
0.012720823287963867
0.12122058868408203
0.18581676483154297
0.18146634101867676
0.22969460487365723
0.057189226150512695
0.013589859008789062
0.47297191619873047
0.0598447322845459
0.11515307426452637
0.025974273681640625
0.057843923568725586
0.15421605110168457
0.21315908432006836
0.08797717094421387
0.1988077163696289
0.1537158489227295
0.13446688652038574
0.1916646957397461
0.20426440238952637
0.0834510326385498
0.13913893699645996
0.061867475509643555
0.14026427268981934
0.185683012008667
0.025522708892822266
0.20558524131774902
0.02500295639038086
0.42922496795654297
0.05650448799133301
0.34116673469543457
0.06680846214294434
0.4721715450286865
0.021092891693115234
0.3577876091003418
0.13118767738342285
0.12378263473510742
0.2531287670135498
0.0142822265625
0.283705472946167
0.04606962203979492
0.2999272346496582
0.17783761024475098
0.10996413230895996
0.12449526786804199
0.20620179176330566
0.20630240440368652
0.024349212646484375
0.24787473678588867
0.10095524787902832
0.2562551498413086
0.07576656341552734
0.02263617515563965
0.2441577911376953
0.011945486068725586
0.4400510787963867
0.037171363830566406
0.29495954513549805
0.18787384033203125
0.08593559265136719
0.3230741024017334
0.07521200180053711
0.3305995464324951
0.11830496788024902
0.13399815559387207
0.24299931526184082
0.17052173614501953
0.14795708656311035
0.18525171279907227
0.12767815589904785
0.20016908645629883
0.23999452590942383
0.13613057136535645
0.16361188888549805
0.12226152420043945
0.1872706413269043
0.09979128837585449
0.021862268447875977
0.053785085678100586
0.17134451866149902
0.2005000114440918
0.030576467514038086
0.2179725170135498
0.05104827880859375
0.1701343059539795
0.04424881935119629
0.24895310401916504
0.024841785430908203
0.18873810768127441
0.17727017402648926
0.29499220848083496
0.2587270736694336
0.1302957534790039
0.2566056251525879
0.2513127326965332
0.5535633563995361
0.1812574863433838
0.011907577514648438
0.4890468120574951
0.32993125915527344
0.24791479110717773
0.7160806655883789
0.13270211219787598
0.6673440933227539
0.3098008632659912
0.3988156318664551
0.20487070083618164
0.2673165798187256
0.09372568130493164
0.1250910758972168
0.17148494720458984
0.23282527923583984
0.2723724842071533
0.32978248596191406
0.256091833114624
0.48835325241088867
0.3557596206665039
0.6653735637664795
0.04957103729248047
0.564171314239502
0.026185989379882812
0.6805081367492676
0.03718733787536621
0.11168885231018066
0.6991531848907471
0.07718157768249512
0.4268534183502197
0.193878173828125
0.4869344234466553
0.03958702087402344
0.19043374061584473
0.1517794132232666
0.3510768413543701
0.23483777046203613
0.13425755500793457
0.11205458641052246
0.3019979000091553
0.13793063163757324
0.19608163833618164
0.3893623352050781
0.012277603149414062
0.3369572162628174
0.11200571060180664
0.34410953521728516
0.0264284610748291
0.3071556091308594
0.05204176902770996
0.28589439392089844
0.023681163787841797
0.26926445960998535
0.12331724166870117
0.21909499168395996
0.06927871704101562
0.01260066032409668
0.45305418968200684
0.22595691680908203
0.12103056907653809
0.2701582908630371
0.010915994644165039
0.2480018138885498
0.10506582260131836
0.31603455543518066
0.0840303897857666
0.3101234436035156
0.04763531684875488
0.3051269054412842
0.02674078941345215
0.2043745517730713
0.18600821495056152
0.42798686027526855
0.055007219314575195
0.23618841171264648
0.0833582878112793
0.3179905414581299
0.10238885879516602
0.25548672676086426
0.29807186126708984
0.25492095947265625
0.27001953125
0.3322303295135498
0.1518545150756836
0.3037567138671875
0.09910416603088379
0.38994646072387695
0.3478391170501709
0.7251150608062744
0.07400846481323242
0.2979097366333008
0.18983769416809082
0.0480649471282959
0.3988378047943115
0.01123666763305664
0.09307694435119629
0.1536118984222412
0.18298077583312988
0.014333009719848633
0.23188233375549316
0.0106658935546875
0.3291282653808594
0.08493518829345703
0.19751858711242676
0.026534557342529297
0.1453113555908203
0.15352916717529297
0.016071796417236328
0.1548290252685547
0.1049506664276123
0.012163162231445312
0.14171671867370605
0.12159514427185059
0.0693659782409668
0.29260969161987305
0.3894617557525635
0.23105549812316895
0.23693203926086426
0.10498642921447754
0.14395403861999512
0.11494708061218262
0.14598727226257324
0.3502316474914551
0.09962058067321777
0.30094242095947266
0.2031548023223877
0.20981407165527344
0.41104602813720703
0.1440753936767578
0.09543609619140625
0.545513391494751
0.20939946174621582
0.5016443729400635
0.6549477577209473
0.07718968391418457
0.012810468673706055
0.33081912994384766
0.21510577201843262
0.0628042221069336
0.41101598739624023
0.15809059143066406
0.18564558029174805
0.060971736907958984
0.24901652336120605
0.02549123764038086
0.2790491580963135
0.09850907325744629
0.22962045669555664
0.03915691375732422
0.21491456031799316
0.1543269157409668
0.22581791877746582
0.026139259338378906
0.23689937591552734
0.011914730072021484
0.19271206855773926
0.12883663177490234
0.2122352123260498
0.22935056686401367
0.027174949645996094
0.30576324462890625
0.03989744186401367
0.25890326499938965
0.036954641342163086
0.2599928379058838
0.012902021408081055
0.22266817092895508
0.13086485862731934
0.1547842025756836
0.26096606254577637
0.0774531364440918
0.36939263343811035
0.1724109649658203
0.3316023349761963
0.1779494285583496
0.32689762115478516
0.0559229850769043
0.3898129463195801
0.05194449424743652
0.3113596439361572
0.10458922386169434
0.32009148597717285
0.1229085922241211
0.31392931938171387
0.11622285842895508
0.4958200454711914
0.02517080307006836
0.4027271270751953
0.022464990615844727
0.38931870460510254
0.011284589767456055
0.425823450088501
0.09263181686401367
0.31075263023376465
0.023701190948486328
0.21381664276123047
0.02503180503845215
0.2221236228942871
0.014551162719726562
0.22230911254882812
0.0727384090423584
0.1981065273284912
0.05577421188354492
0.11612272262573242
0.07508230209350586
0.1147468090057373
0.012897014617919922
0.14292025566101074
0.09525513648986816
0.01181173324584961
0.1712818145751953
0.03489255905151367
0.22370147705078125
0.040163516998291016
0.1946094036102295
0.023065567016601562
0.11499977111816406
0.14091801643371582
0.02411675453186035
0.033995866775512695
0.05601787567138672
0.10562849044799805
0.15403342247009277
0.012960195541381836
0.0903317928314209
0.13277125358581543
0.09679722785949707
0.09530258178710938
0.04880094528198242
0.14396095275878906
0.04167580604553223
0.07125020027160645
0.08178210258483887
0.1610119342803955
0.374737024307251
0.17314958572387695
0.3681449890136719
0.03226161003112793
0.2814750671386719
0.18312335014343262
0.0738823413848877
0.022274255752563477
0.20382308959960938
0.04512333869934082
0.06960439682006836
0.31057047843933105
0.04342174530029297
0.22396230697631836
0.04204702377319336
0.19588470458984375
0.024190664291381836
0.27162981033325195
0.20211362838745117
0.29576587677001953
0.05321788787841797
0.18614792823791504
0.08162689208984375
0.24917912483215332
0.16614890098571777
0.3724958896636963
0.12029433250427246
0.33875441551208496
0.051316022872924805
0.3368058204650879
0.061786651611328125
0.34990859031677246
0.12503647804260254
0.040525197982788086
0.3725106716156006
0.042794227600097656
0.3631761074066162
0.18987131118774414
0.12494397163391113
0.16416573524475098
0.1550900936126709
0.3410966396331787
0.014059066772460938
0.15786480903625488
0.23070526123046875
0.3244342803955078
0.01173543930053711
0.33406996726989746
0.03224682807922363
0.41568684577941895
0.035443782806396484
0.12373495101928711
0.2847142219543457
0.06183147430419922
0.36102867126464844
0.10306048393249512
0.015027284622192383
0.25988078117370605
0.012112140655517578
0.29280924797058105
0.09318733215332031
0.2970147132873535
0.23338699340820312
0.14538836479187012
0.21627306938171387
0.023092985153198242
0.37001705169677734
0.04730677604675293
0.2025315761566162
0.14687061309814453
0.02525925636291504
0.3125326633453369
0.18410563468933105
0.34255504608154297
0.13360285758972168
0.21923065185546875
0.3180043697357178
0.013594627380371094
0.5921266078948975
0.013129711151123047
0.3668363094329834
0.181105375289917
0.13918209075927734
0.18983793258666992
0.05311989784240723
0.27306532859802246
0.011968851089477539
0.21219921112060547
0.15021157264709473
0.22677350044250488
0.013089418411254883
0.3790550231933594
0.014745473861694336
0.33117008209228516
0.09355497360229492
0.23619771003723145
0.11292386054992676
0.025041580200195312
0.24683308601379395
0.023921489715576172
0.14895844459533691
0.19201278686523438
0.010890483856201172
0.3753960132598877
0.05166482925415039
0.3350553512573242
0.03613400459289551
0.4288444519042969
0.2729170322418213
0.2414875030517578
0.3945298194885254
0.024910449981689453
0.3184988498687744
0.04723978042602539
0.29493212699890137
0.029221057891845703
0.1349020004272461
0.06407523155212402
0.07807683944702148
0.3584635257720947
0.1800827980041504
0.31435132026672363
0.18871521949768066
0.2807295322418213
0.30225586891174316
0.1460573673248291
0.24266886711120605
0.15789341926574707
0.21353960037231445
0.13102507591247559
0.3037073612213135
0.1150655746459961
0.25692105293273926
0.06092071533203125
0.19394326210021973
0.2890334129333496
0.13977575302124023
0.24002575874328613
0.14462685585021973
0.25430989265441895
0.1569986343383789
0.369826078414917
0.040230751037597656
0.4397270679473877
0.03447437286376953
0.42157578468322754
0.016881704330444336
0.320023775100708
0.21500778198242188
0.05327415466308594
0.36177992820739746
0.03699493408203125
0.5611815452575684
0.03410911560058594
0.013738155364990234
0.18578052520751953
0.18878602981567383
0.2379906177520752
0.016666173934936523
0.2851393222808838
0.0458984375
0.18616414070129395
0.0908205509185791
0.28302717208862305
0.06391167640686035
0.23931527137756348
0.09405660629272461
0.15397882461547852
0.07823920249938965
0.3185293674468994
0.022584199905395508
0.2581799030303955
0.20213842391967773
0.05835247039794922
0.40599513053894043
0.03336453437805176
0.23678064346313477
0.10717391967773438
0.22871756553649902
0.05849504470825195
0.3915975093841553
0.18958115577697754
0.28819847106933594
0.20587992668151855
0.4732046127319336
0.029694557189941406
0.186661958694458
0.5622234344482422
0.05206441879272461
0.40790438652038574
0.08291053771972656
0.26993227005004883
0.10715818405151367
0.2977943420410156
0.025973796844482422
0.3629026412963867
0.02512979507446289
0.3510758876800537
0.07282495498657227
0.16368937492370605
0.025685787200927734
0.30144405364990234
0.04492807388305664
0.15983867645263672
0.15110468864440918
0.1167898178100586
0.013809919357299805
0.1830461025238037
0.03195786476135254
0.1540236473083496
0.050957679748535156
0.1348404884338379
0.19401049613952637
0.2540702819824219
0.041237831115722656
0.19657182693481445
0.03135824203491211
0.16548705101013184
0.01613783836364746
0.31037449836730957
0.03574395179748535
0.3166086673736572
0.02620244026184082
0.15685057640075684
0.04478096961975098
0.013990402221679688
0.24877023696899414
0.6601901054382324
0.20976877212524414
0.2871406078338623
0.15892362594604492
0.19224286079406738
0.06864643096923828
0.043128013610839844
0.15108847618103027
0.21675848960876465
0.2571377754211426
0.012098073959350586
0.14159321784973145
0.14729690551757812
0.10288286209106445
0.13121724128723145
0.030944347381591797
0.15885162353515625
0.07880640029907227
0.12073326110839844
0.18744897842407227
0.15876173973083496
0.22882318496704102
0.20840787887573242
0.41347432136535645
0.09369468688964844
0.4797189235687256
0.10343146324157715
0.4880061149597168
0.15096735954284668
0.153397798538208
0.47194552421569824
0.09061241149902344
0.30112171173095703
0.04496288299560547
0.36599135398864746
0.012880802154541016
0.265946626663208
0.1800849437713623
0.2460334300994873
0.11701345443725586
0.20096492767333984
0.23636746406555176
0.3596827983856201
0.10965394973754883
0.268887996673584
0.07178807258605957
0.27720165252685547
0.04449605941772461
0.5469298362731934
0.30173492431640625
0.5281212329864502
0.10653185844421387
0.012048721313476562
0.5073320865631104
0.42168354988098145
0.06097531318664551
0.40518879890441895
0.23259472846984863
0.08927798271179199
0.3330411911010742
0.07909536361694336
0.25989389419555664
0.025926589965820312
0.22527790069580078
0.24595212936401367
0.06401324272155762
0.2927980422973633
0.08403348922729492
0.26981496810913086
0.08153152465820312
0.16537237167358398
0.03099370002746582
0.15513014793395996
0.10902667045593262
0.21692562103271484
0.18014812469482422
0.25387120246887207
0.23079800605773926
0.29495859146118164
0.0641934871673584
0.2097184658050537
0.030965566635131836
0.10181522369384766
0.01642012596130371
0.34084510803222656
0.011701822280883789
0.1429576873779297
0.029989957809448242
0.2099609375
0.16617417335510254
0.14023709297180176
0.1569995880126953
0.2937431335449219
0.07677865028381348
0.09508347511291504
0.16372084617614746
0.025296688079833984
0.13771271705627441
0.09984874725341797
0.013421773910522461
0.01370549201965332
0.296842098236084
0.0890507698059082
0.3091890811920166
0.12463021278381348
0.01259469985961914
0.3614950180053711
0.11080217361450195
0.21528077125549316
0.01970672607421875
0.09238958358764648
0.11882185935974121
0.14503216743469238
0.14479279518127441
0.2940957546234131
0.21400141716003418
0.1433413028717041
0.17858147621154785
0.07896637916564941
0.3098440170288086
0.16501641273498535
0.21286582946777344
0.29485249519348145
0.22722220420837402
