0.1298661231994629
0.02319645881652832
0.1317272186279297
0.14698266983032227
0.13218975067138672
0.12578487396240234
0.16086173057556152
0.14502835273742676
0.015523910522460938
0.24023771286010742
0.0801248550415039
0.20532011985778809
0.08142971992492676
0.12240266799926758
0.07962417602539062
0.2168571949005127
0.09391617774963379
0.16167759895324707
0.030852556228637695
0.2212231159210205
0.026073455810546875
0.20760154724121094
0.07197093963623047
0.18877744674682617
0.0729973316192627
0.19442009925842285
0.06475591659545898
0.015004158020019531
0.21889328956604004
0.0328366756439209
0.23388099670410156
0.0449833869934082
0.09639167785644531
0.16907262802124023
0.15276074409484863
0.07515382766723633
0.17706060409545898
0.09083819389343262
0.17920756340026855
0.09290766716003418
0.024167537689208984
0.12517476081848145
0.11155867576599121
0.11204862594604492
0.11800694465637207
0.14571666717529297
0.09511113166809082
0.09322977066040039
0.2025890350341797
0.08093667030334473
0.14120888710021973
0.04774308204650879
0.012934684753417969
0.18000006675720215
0.0901486873626709
0.17814207077026367
0.02370166778564453
0.10075235366821289
0.1660470962524414
0.012726783752441406
0.21967530250549316
0.015143632888793945
0.18582558631896973
0.03828835487365723
0.1828768253326416
0.03346443176269531
0.09572005271911621
0.1426067352294922
0.1564807891845703
0.11300373077392578
0.16794967651367188
0.07053256034851074
0.11872291564941406
0.03185915946960449
0.13414669036865234
0.05468606948852539
0.08550906181335449
0.04755425453186035
0.01195669174194336
0.1500685214996338
0.0241851806640625
0.1491234302520752
0.04653596878051758
0.16803407669067383
0.02241659164428711
0.1100912094116211
0.0787649154663086
0.07733726501464844
0.0992279052734375
0.07502174377441406
0.1653578281402588
0.07750296592712402
0.18121981620788574
0.024708986282348633
0.31973934173583984
0.031572818756103516
0.24014592170715332
0.014919757843017578
0.2263481616973877
0.10596156120300293
0.19699430465698242
0.04052305221557617
0.24935364723205566
0.015119552612304688
0.2460615634918213
0.038100481033325195
0.1168971061706543
0.07905220985412598
0.07735490798950195
0.1267409324645996
0.14566659927368164
0.1921229362487793
0.13811445236206055
0.186692476272583
0.08117508888244629
0.022242307662963867
0.3686361312866211
0.06493926048278809
0.279263973236084
0.03348803520202637
0.18290042877197266
0.0809323787689209
0.16418886184692383
0.20904159545898438
0.12073969841003418
0.08488249778747559
0.1554262638092041
0.10772252082824707
0.10088062286376953
0.015036344528198242
0.15770244598388672
0.057129621505737305
0.17366790771484375
0.07708501815795898
0.01206350326538086
0.17951750755310059
0.02442455291748047
0.19790387153625488
0.027714014053344727
0.17312192916870117
0.09105730056762695
0.09805464744567871
0.027341365814208984
0.1776721477508545
0.05391359329223633
0.17194199562072754
0.12536334991455078
0.01368260383605957
0.22667455673217773
0.016968250274658203
0.133925199508667
0.04039263725280762
0.08395504951477051
0.04287385940551758
0.18821191787719727
0.19358539581298828
0.10097551345825195
0.2049710750579834
0.08411908149719238
0.15092802047729492
0.19695758819580078
0.08406519889831543
0.04542255401611328
0.1309671401977539
0.04995369911193848
0.08202052116394043
0.12471890449523926
0.21094155311584473
0.07676339149475098
0.20101380348205566
0.11291670799255371
0.1748044490814209
0.07514333724975586
0.13910937309265137
0.041426658630371094
0.021265506744384766
0.18042469024658203
0.19065427780151367
0.014790773391723633
0.15192055702209473
0.06814026832580566
0.06797385215759277
0.11096882820129395
0.051987648010253906
0.25302839279174805
0.06508183479309082
0.013688087463378906
0.18030619621276855
0.08266162872314453
0.1121525764465332
0.07076811790466309
0.14025592803955078
0.10071039199829102
0.03575563430786133
0.08294034004211426
0.11741209030151367
0.10363054275512695
0.1610856056213379
0.01296687126159668
0.27704930305480957
0.09704208374023438
0.24507474899291992
0.08259987831115723
0.21326947212219238
0.013826370239257812
0.09604740142822266
0.17191171646118164
0.07531571388244629
0.023634910583496094
0.07238888740539551
0.12941956520080566
0.15407061576843262
0.09701061248779297
0.022006750106811523
0.26308560371398926
0.035799264907836914
0.2601475715637207
0.05431938171386719
0.03149604797363281
0.2289290428161621
0.03127264976501465
0.20867109298706055
0.022156715393066406
0.016117334365844727
0.23305106163024902
0.013885974884033203
0.1805880069732666
0.021991968154907227
0.08899092674255371
0.06578326225280762
0.11025190353393555
0.06022357940673828
0.038482666015625
0.17901325225830078
0.03322100639343262
0.16164898872375488
0.01246953010559082
0.08585476875305176
0.10571646690368652
0.11196422576904297
0.012999534606933594
0.13799667358398438
0.03784942626953125
0.05906414985656738
0.16729402542114258
0.10582685470581055
0.1219015121459961
0.013063430786132812
0.10407519340515137
0.1446695327758789
0.013730049133300781
0.151045560836792
0.12404870986938477
0.1268007755279541
0.1551671028137207
0.11615562438964844
0.08461737632751465
0.11435270309448242
0.14878201484680176
0.12993097305297852
0.15077424049377441
0.0120849609375
0.06307458877563477
0.20173192024230957
0.023435354232788086
0.15887022018432617
0.0348055362701416
0.06362628936767578
0.11121869087219238
0.07774138450622559
0.02409958839416504
0.034970760345458984
0.1188516616821289
0.021286487579345703
0.06391668319702148
0.02229166030883789
0.062438249588012695
0.1162111759185791
0.10116410255432129
0.1591935157775879
0.1272587776184082
0.09688568115234375
0.18795132637023926
0.15401864051818848
0.17608404159545898
0.16336965560913086
0.13566923141479492
0.11096668243408203
0.12292766571044922
0.24179410934448242
0.16390037536621094
0.0831289291381836
0.1198892593383789
0.24713397026062012
0.1918630599975586
0.01096034049987793
0.1778709888458252
0.1401073932647705
0.14879989624023438
0.13195395469665527
0.12715721130371094
0.03943610191345215
0.246290922164917
0.09514021873474121
0.25382256507873535
0.09595251083374023
0.08509135246276855
0.13428044319152832
0.09168338775634766
0.16675567626953125
0.14016246795654297
0.013079166412353516
0.21419715881347656
0.1997051239013672
0.11992883682250977
0.10713005065917969
0.06348681449890137
0.22239065170288086
0.11557340621948242
0.08447837829589844
0.20051789283752441
0.1272139549255371
0.17499279975891113
0.14699292182922363
0.24390363693237305
0.022051334381103516
0.20970988273620605
0.13305163383483887
0.13504552841186523
0.12720751762390137
0.08675813674926758
0.05617809295654297
0.23781037330627441
0.02865767478942871
0.16304779052734375
0.0331423282623291
0.22781634330749512
0.04433894157409668
0.12381529808044434
0.10318470001220703
0.12275218963623047
0.07326221466064453
0.08391237258911133
0.06877660751342773
0.1340010166168213
0.01232457160949707
0.02456378936767578
0.16987919807434082
0.0782630443572998
0.11778116226196289
0.02349853515625
0.12908077239990234
0.02562403678894043
0.11677789688110352
0.06356644630432129
0.10393905639648438
0.04101872444152832
0.17832279205322266
0.040531158447265625
0.1840832233428955
0.0239255428314209
0.14790940284729004
0.031745195388793945
0.13786840438842773
0.025787830352783203
0.15716242790222168
0.02492237091064453
0.15587711334228516
0.03228926658630371
0.026041746139526367
0.14068245887756348
0.06409692764282227
0.1387631893157959
0.08890080451965332
0.1604297161102295
0.01412653923034668
0.13056206703186035
0.17470645904541016
0.14107108116149902
0.08488607406616211
0.11855506896972656
0.26271772384643555
0.21388506889343262
0.12023329734802246
0.08658576011657715
0.36289215087890625
0.10666537284851074
0.33846545219421387
0.13087916374206543
0.042841196060180664
0.3616666793823242
0.039563894271850586
0.012908220291137695
0.3511490821838379
0.05560755729675293
0.01624751091003418
0.36263561248779297
0.06806349754333496
0.25688672065734863
0.04831552505493164
0.24657750129699707
0.08408236503601074
0.013288736343383789
0.2559518814086914
0.025457143783569336
0.024680137634277344
0.20932364463806152
0.02500629425048828
0.2670583724975586
0.012090444564819336
0.03691697120666504
0.31482625007629395
0.068023681640625
0.32893943786621094
0.02224254608154297
0.14087319374084473
0.2549855709075928
0.06797432899475098
0.09582114219665527
0.12294244766235352
0.1481943130493164
0.09723997116088867
0.04361391067504883
0.2293999195098877
0.028384923934936523
0.22016334533691406
0.038123130798339844
0.10071444511413574
0.2979316711425781
0.01795196533203125
0.023283958435058594
0.17070388793945312
0.050994873046875
0.08930373191833496
0.10361814498901367
0.1423177719116211
0.033721208572387695
0.16593098640441895
0.05901455879211426
0.013012886047363281
0.15375638008117676
0.1412661075592041
0.03629946708679199
0.03733038902282715
0.14396071434020996
0.049130916595458984
0.04638814926147461
0.09619307518005371
0.06312847137451172
0.16798925399780273
0.011858701705932617
0.07210278511047363
0.0839240550994873
0.11552119255065918
0.11149978637695312
0.08017921447753906
0.17270493507385254
0.10692739486694336
0.15191984176635742
0.01166224479675293
0.07347774505615234
0.2236616611480713
0.01419520378112793
0.05497479438781738
0.10098052024841309
0.030871152877807617
0.20630097389221191
0.13585281372070312
0.03264331817626953
0.146864652633667
0.02349400520324707
0.027587175369262695
0.1333634853363037
0.13139081001281738
0.17627978324890137
0.01479792594909668
0.21995329856872559
0.08484911918640137
0.16512179374694824
0.012082815170288086
0.10379600524902344
0.09229326248168945
0.08808493614196777
0.18565940856933594
0.19109630584716797
0.21090197563171387
0.20381617546081543
0.22308969497680664
0.023050785064697266
0.25473523139953613
0.12599515914916992
0.014191389083862305
0.23986124992370605
0.10478377342224121
0.22312450408935547
0.08295941352844238
0.13497710227966309
0.2453172206878662
0.11466431617736816
0.11079573631286621
0.12128281593322754
0.26483869552612305
0.20017504692077637
0.012705564498901367
0.1575605869293213
0.2157433032989502
0.17185306549072266
0.21315670013427734
0.012966394424438477
0.19170403480529785
0.1386852264404297
0.015285491943359375
0.1828327178955078
0.16113781929016113
0.15366625785827637
0.013868570327758789
0.17705655097961426
0.060915470123291016
0.16804075241088867
0.047006845474243164
0.015897750854492188
0.18272089958190918
0.10437297821044922
0.02317070960998535
0.09901571273803711
0.14255952835083008
0.08419227600097656
0.1409897804260254
0.08875513076782227
0.059912919998168945
0.1831653118133545
0.03207588195800781
0.22789287567138672
0.017081260681152344
0.20282673835754395
0.01495504379272461
0.017716407775878906
0.1755990982055664
0.023801088333129883
0.17824602127075195
0.013583898544311523
0.22506499290466309
0.015134572982788086
0.19134879112243652
0.025079011917114258
0.1409897804260254
0.03500723838806152
0.18116283416748047
0.03973698616027832
0.1862657070159912
0.1011662483215332
0.19066071510314941
0.10109472274780273
0.20787739753723145
0.09600019454956055
0.0328981876373291
0.38001227378845215
0.02669048309326172
0.3636462688446045
0.02802419662475586
0.3861806392669678
0.07077860832214355
0.3671600818634033
0.03501129150390625
0.36564159393310547
0.043775081634521484
0.13810324668884277
0.29111719131469727
0.10095739364624023
0.2792384624481201
0.012758255004882812
0.07713437080383301
0.28075480461120605
0.09792566299438477
0.034735918045043945
0.27379798889160156
0.04046201705932617
0.26697397232055664
0.024038314819335938
0.012797117233276367
0.293109655380249
0.012741804122924805
0.03847193717956543
0.2545506954193115
0.07319188117980957
0.3367488384246826
0.11198711395263672
0.04011082649230957
0.1377553939819336
0.31908535957336426
0.025165796279907227
0.21765708923339844
0.02516913414001465
0.09875178337097168
0.07195591926574707
0.16495633125305176
0.06208968162536621
0.03436017036437988
0.2135944366455078
0.04294776916503906
0.2431778907775879
0.013109445571899414
0.06667351722717285
0.0251162052154541
0.06975531578063965
0.029015302658081055
0.05549263954162598
0.028354644775390625
0.09947824478149414
0.20143818855285645
0.03637576103210449
0.016692161560058594
0.17499756813049316
0.04085183143615723
0.14895844459533691
0.012196779251098633
0.0299074649810791
0.026036977767944336
0.054837942123413086
0.035080671310424805
0.07109546661376953
0.12204289436340332
0.015642166137695312
0.08904337882995605
0.11087656021118164
0.08295035362243652
0.1040952205657959
0.01266622543334961
0.07239294052124023
0.17651963233947754
0.08547019958496094
0.02460336685180664
0.2689173221588135
0.051981449127197266
0.23508238792419434
0.014043331146240234
0.0827333927154541
0.09817624092102051
0.1178579330444336
0.1859729290008545
0.13391852378845215
0.18796491622924805
0.0828256607055664
0.18316912651062012
0.20476460456848145
0.10626006126403809
0.05065798759460449
0.29527759552001953
0.09164285659790039
0.08345484733581543
0.2996804714202881
0.051138877868652344
0.2948448657989502
0.08995532989501953
0.026068925857543945
0.29856181144714355
0.12657952308654785
0.09540200233459473
0.12398624420166016
0.22596240043640137
0.1204676628112793
0.2177584171295166
0.013709545135498047
0.15818524360656738
0.09577488899230957
0.09691810607910156
0.2515401840209961
0.06578350067138672
0.23597073554992676
0.1254427433013916
0.021439552307128906
0.2948610782623291
0.01600503921508789
0.28900742530822754
0.02712106704711914
0.023120641708374023
0.27451419830322266
0.05941176414489746
0.15585589408874512
0.06842279434204102
0.13057684898376465
0.07792091369628906
0.07389998435974121
0.013049840927124023
0.14026713371276855
0.030012130737304688
0.19980311393737793
0.07410120964050293
0.13472318649291992
0.09800076484680176
0.04084014892578125
0.1550607681274414
0.014907360076904297
0.22290706634521484
0.024169206619262695
0.20268511772155762
0.013104677200317383
0.015991687774658203
0.18288755416870117
0.012879610061645508
0.09504437446594238
0.12832236289978027
0.0817255973815918
0.16278553009033203
0.09009242057800293
0.012059211730957031
0.1762378215789795
0.11354231834411621
0.02436041831970215
0.1595003604888916
0.10312247276306152
0.014752626419067383
0.11813950538635254
0.13599586486816406
0.11386895179748535
0.08436441421508789
0.10004138946533203
0.16750645637512207
0.0938105583190918
0.08312797546386719
0.11203336715698242
0.17777061462402344
0.0152130126953125
0.15196704864501953
0.1712651252746582
0.1665666103363037
0.18183565139770508
0.09300088882446289
0.030116558074951172
0.08797621726989746
0.29708433151245117
0.08288836479187012
0.3359031677246094
0.07290363311767578
0.10437822341918945
0.23317980766296387
0.2306971549987793
0.012770652770996094
0.14088916778564453
0.24917936325073242
0.11970043182373047
0.23001384735107422
0.023240089416503906
0.13764452934265137
0.16000843048095703
0.08215832710266113
0.025870561599731445
0.16095638275146484
0.02833104133605957
0.09569644927978516
0.05007314682006836
0.022922992706298828
0.06367683410644531
0.11098885536193848
0.0558316707611084
0.19439005851745605
0.013743162155151367
0.07932472229003906
0.19010519981384277
0.08569693565368652
0.08771920204162598
0.20195674896240234
0.06599020957946777
0.015206575393676758
0.27078986167907715
0.021126270294189453
0.024948596954345703
0.22346901893615723
0.020222187042236328
0.2111375331878662
0.01529073715209961
0.020593643188476562
0.12407088279724121
0.0438077449798584
0.03261446952819824
0.06349587440490723
0.08672189712524414
0.013234615325927734
0.060176849365234375
0.07652425765991211
0.03836846351623535
0.014800786972045898
0.14598965644836426
0.03717827796936035
0.07356739044189453
0.016300439834594727
0.07822203636169434
0.04269814491271973
0.08695125579833984
0.016583919525146484
0.024259567260742188
0.15406060218811035
0.05145716667175293
0.04500770568847656
0.24102187156677246
0.06104850769042969
0.2238907814025879
0.014101266860961914
0.06276226043701172
0.20533967018127441
0.012787580490112305
0.06217646598815918
0.23461508750915527
0.054039955139160156
0.02340388298034668
0.22888708114624023
0.014665603637695312
0.24486494064331055
0.012711286544799805
0.014227628707885742
0.32512784004211426
0.06589031219482422
0.019561767578125
0.31840991973876953
0.06586384773254395
0.08420228958129883
0.24882745742797852
0.1650547981262207
0.08484554290771484
0.22837400436401367
0.18481230735778809
0.2058870792388916
0.21897220611572266
0.1127934455871582
0.07603836059570312
0.4064362049102783
0.02657604217529297
0.08227300643920898
0.32769012451171875
0.09391903877258301
0.32215094566345215
0.12194204330444336
0.2199721336364746
0.08820629119873047
0.0252230167388916
0.18286895751953125
0.1098473072052002
0.17558670043945312
0.09026098251342773
0.156280517578125
0.08229637145996094
0.17226958274841309
0.10126805305480957
0.09657669067382812
0.08513617515563965
0.15313196182250977
0.06660842895507812
0.16988062858581543
0.04797959327697754
0.013340950012207031
0.1396193504333496
0.024506330490112305
0.11751580238342285
0.042587995529174805
0.08301353454589844
0.03955507278442383
0.013200759887695312
0.11214971542358398
0.059623003005981445
0.15583443641662598
0.032065391540527344
0.014192342758178711
0.19071316719055176
0.02201557159423828
0.025804996490478516
0.16707777976989746
0.03300786018371582
0.19115233421325684
0.03868412971496582
0.18895554542541504
0.08954429626464844
0.14235877990722656
0.0930626392364502
0.16944289207458496
0.11919999122619629
0.011814355850219727
0.21917152404785156
0.0708012580871582
0.23742079734802246
0.0948324203491211
0.2139146327972412
0.10764431953430176
0.05102825164794922
0.27095913887023926
0.07413148880004883
0.27495431900024414
0.08492898941040039
0.08709073066711426
0.2580854892730713
0.1277928352355957
0.23518967628479004
0.12493491172790527
0.21772980690002441
0.011260032653808594
0.13480615615844727
0.17937779426574707
0.0346369743347168
0.08772873878479004
0.20606660842895508
0.04797959327697754
0.09575581550598145
0.1169741153717041
0.1440749168395996
0.14784836769104004
0.17502641677856445
0.18999695777893066
0.023413419723510742
0.2544727325439453
0.0931699275970459
0.02399301528930664
0.17995572090148926
0.0750129222869873
0.17388534545898438
0.09475326538085938
0.04105377197265625
0.21584653854370117
0.05299949645996094
0.23511981964111328
0.07993769645690918
0.03412890434265137
0.32683610916137695
0.02825474739074707
0.023894786834716797
0.2718651294708252
0.07162785530090332
0.2232043743133545
0.015399932861328125
0.0944056510925293
0.17614245414733887
0.039797306060791016
0.12997055053710938
0.023102283477783203
0.07173037528991699
0.13018250465393066
0.011833906173706055
0.01342916488647461
0.15650153160095215
0.06927943229675293
0.13373780250549316
0.012837409973144531
0.10602188110351562
0.09595870971679688
0.09343862533569336
0.03594803810119629
0.0424952507019043
0.09930872917175293
0.013898849487304688
0.01788473129272461
0.10192227363586426
0.08349919319152832
0.03465080261230469
0.0660245418548584
0.1207132339477539
0.05476689338684082
0.0129852294921875
0.1569669246673584
0.027973413467407227
0.16602063179016113
0.03578472137451172
0.015124082565307617
0.11205244064331055
0.09070086479187012
0.11019277572631836
0.01297140121459961
0.06284379959106445
0.16396570205688477
0.06097579002380371
0.0249783992767334
0.20622777938842773
0.07471203804016113
0.19401860237121582
0.06981992721557617
0.0841226577758789
0.07097554206848145
0.24509930610656738
0.026282787322998047
0.06794285774230957
0.35855984687805176
0.056999921798706055
0.326749324798584
0.014252424240112305
0.07523012161254883
0.31184935569763184
0.0536191463470459
0.33118748664855957
0.13523244857788086
0.05615711212158203
0.3363912105560303
0.03598666191101074
0.06503677368164062
0.3140437602996826
0.09415268898010254
0.2914772033691406
0.024827241897583008
0.1586015224456787
0.26663804054260254
0.0817415714263916
0.03434133529663086
0.22013092041015625
0.1284499168395996
0.11311078071594238
0.17499399185180664
0.1702730655670166
0.17155861854553223
0.13667798042297363
0.07225441932678223
0.11018848419189453
0.15274262428283691
0.025383949279785156
0.11594963073730469
0.17641401290893555
0.08767962455749512
0.013258218765258789
0.20596003532409668
0.03631234169006348
0.18494272232055664
0.06608724594116211
0.2080860137939453
0.07164812088012695
