0.014945745468139648
0.07206177711486816
0.07857871055603027
0.0659337043762207
0.06504511833190918
0.015177249908447266
0.050147056579589844
0.013509750366210938
0.014287233352661133
0.11787748336791992
0.025107860565185547
0.024900197982788086
0.023394107818603516
0.03740811347961426
0.10949516296386719
0.01379537582397461
0.03715682029724121
0.02742457389831543
0.03391909599304199
0.054987430572509766
0.013824462890625
0.01225137710571289
0.07948088645935059
0.014777421951293945
0.02599954605102539
0.034923553466796875
0.06859278678894043
0.02516341209411621
0.06478619575500488
0.014806032180786133
0.0820775032043457
0.05792880058288574
0.029158830642700195
0.014290571212768555
0.017600536346435547
0.015425920486450195
0.05813884735107422
0.020827531814575195
0.04073524475097656
0.026818275451660156
0.026267051696777344
0.035184621810913086
0.036170244216918945
0.05969524383544922
0.035334110260009766
0.015490293502807617
0.03521919250488281
0.07816243171691895
0.03369712829589844
0.027103424072265625
0.038973331451416016
0.049103736877441406
0.01840043067932129
0.023533344268798828
0.016314029693603516
0.24804091453552246
0.13073348999023438
0.024039506912231445
0.04403090476989746
0.024270057678222656
0.012593984603881836
0.01799607276916504
0.04142308235168457
0.08565640449523926
0.0816948413848877
0.27705931663513184
0.0648496150970459
0.025386333465576172
0.03750300407409668
0.01861262321472168
0.027668237686157227
0.03589987754821777
0.0768730640411377
0.08216071128845215
0.06779193878173828
0.012914657592773438
0.028186321258544922
0.07581377029418945
0.03099370002746582
0.05723381042480469
0.012524843215942383
0.06617331504821777
0.029787778854370117
0.01351475715637207
0.01669025421142578
0.04897356033325195
0.03685617446899414
0.01767587661743164
0.016471385955810547
0.08466553688049316
0.02971792221069336
0.058327674865722656
0.01581263542175293
0.01383352279663086
0.08620715141296387
0.04673504829406738
0.025207042694091797
0.016092777252197266
0.01570296287536621
0.09299039840698242
0.014474868774414062
0.040604591369628906
0.02704024314880371
0.08224272727966309
0.056463003158569336
0.06646037101745605
0.062463998794555664
0.013295412063598633
0.02968573570251465
0.027051210403442383
0.012877941131591797
0.08386993408203125
0.01324772834777832
0.013973474502563477
0.05158066749572754
0.07078909873962402
0.024517297744750977
0.0678715705871582
0.0239565372467041
0.013196706771850586
0.06089663505554199
0.018544435501098633
0.07932400703430176
0.02611374855041504
0.04181551933288574
0.026058197021484375
0.02502608299255371
0.012140274047851562
0.03022456169128418
0.04363131523132324
0.05730772018432617
0.014441490173339844
0.052000999450683594
0.04286384582519531
0.012538433074951172
0.03706073760986328
0.052892208099365234
0.03494596481323242
0.047914981842041016
0.014877796173095703
0.052275896072387695
0.028296232223510742
0.034081220626831055
0.03260540962219238
0.015094995498657227
0.013113975524902344
0.05957841873168945
0.013268709182739258
0.08569216728210449
0.07755279541015625
0.02823805809020996
0.15480685234069824
0.06587862968444824
0.026801586151123047
0.01087808609008789
0.05799269676208496
0.23516535758972168
0.06996273994445801
0.03786182403564453
0.057302236557006836
0.01518869400024414
0.1294093132019043
0.023093461990356445
0.05066514015197754
0.02681875228881836
0.03640866279602051
0.016538143157958984
0.026009321212768555
0.019739389419555664
0.040975093841552734
0.056940555572509766
0.022973060607910156
0.1003577709197998
0.07872843742370605
0.031783103942871094
0.03615164756774902
0.07076740264892578
0.012124776840209961
0.03681230545043945
0.06496882438659668
0.024901866912841797
0.07196831703186035
0.014707326889038086
0.10892915725708008
0.026102781295776367
0.02587723731994629
0.04038882255554199
0.03987574577331543
0.06249809265136719
0.06208491325378418
0.014768600463867188
0.014195919036865234
0.024718284606933594
0.05396723747253418
0.013222694396972656
0.01388406753540039
0.055870771408081055
0.04731583595275879
0.03786277770996094
0.053899526596069336
0.02629709243774414
0.06657958030700684
0.05308961868286133
0.03409743309020996
0.01701521873474121
0.058989763259887695
0.052727699279785156
0.014554977416992188
0.06048297882080078
0.011935234069824219
0.047960758209228516
0.015254020690917969
0.024828672409057617
0.08562207221984863
0.06409049034118652
0.03405928611755371
0.02193164825439453
0.06878829002380371
0.05916333198547363
0.014858245849609375
0.026004314422607422
0.017072677612304688
0.05976581573486328
0.05486559867858887
0.07552409172058105
0.03479790687561035
0.024961471557617188
0.07193183898925781
0.037886857986450195
0.018884658813476562
0.02644491195678711
0.026636362075805664
0.02580118179321289
0.0241239070892334
0.07801938056945801
0.01561117172241211
0.025331497192382812
0.025814056396484375
0.018692970275878906
0.06503558158874512
0.05806756019592285
0.0659489631652832
0.02473926544189453
0.0688629150390625
0.02726578712463379
0.017209529876708984
0.02552056312561035
0.030224084854125977
0.026831388473510742
0.07998919486999512
0.012738227844238281
0.09738421440124512
0.06685066223144531
0.06368708610534668
0.05754876136779785
0.056382179260253906
0.01745295524597168
0.016625404357910156
0.17887306213378906
0.02394866943359375
0.021020174026489258
0.056828975677490234
0.034143924713134766
0.012739419937133789
0.015309810638427734
0.1667935848236084
0.06409525871276855
0.012909173965454102
0.04924416542053223
0.025409460067749023
0.07600879669189453
0.015301704406738281
0.03920316696166992
0.015412330627441406
0.012773275375366211
0.014215946197509766
0.15975046157836914
0.026507854461669922
0.016511201858520508
0.01615762710571289
0.07918953895568848
0.05664181709289551
0.01826000213623047
0.014683723449707031
0.017236948013305664
0.08182692527770996
0.04754376411437988
0.024227380752563477
0.01592278480529785
0.04001307487487793
0.0253450870513916
0.06428027153015137
0.05401778221130371
0.014242410659790039
0.014940500259399414
0.0625603199005127
0.05551004409790039
0.017650127410888672
0.04382181167602539
0.011059761047363281
0.026112079620361328
0.04188895225524902
0.030056238174438477
0.03211474418640137
0.03892183303833008
0.027558088302612305
0.03502845764160156
0.04133915901184082
0.0119781494140625
0.023337125778198242
0.028780460357666016
0.03259539604187012
0.012409687042236328
0.025308609008789062
0.04584050178527832
0.0238037109375
0.03176712989807129
0.022766828536987305
0.024908065795898438
0.057279348373413086
0.0839385986328125
0.023733854293823242
0.01427602767944336
0.06749486923217773
0.02328658103942871
0.06901144981384277
0.01572871208190918
0.06435179710388184
0.0545353889465332
0.12816309928894043
0.056719303131103516
0.014139175415039062
0.07749295234680176
0.03567242622375488
0.07053089141845703
0.04311180114746094
0.027931928634643555
0.054711103439331055
0.027383089065551758
0.050896406173706055
0.01887059211730957
0.011872291564941406
0.05692553520202637
0.05018329620361328
0.027117252349853516
0.027953624725341797
0.05168938636779785
0.03533649444580078
0.02187061309814453
0.0654458999633789
0.01333308219909668
0.11725163459777832
0.016614675521850586
0.08657693862915039
0.014576196670532227
0.03120565414428711
0.017464637756347656
0.026121139526367188
0.08108687400817871
0.022797584533691406
0.01598501205444336
0.1203608512878418
0.01467585563659668
0.05078458786010742
0.028007984161376953
0.012148380279541016
0.05751299858093262
0.027241945266723633
0.01676654815673828
0.021973133087158203
0.03704261779785156
0.02530694007873535
0.05863595008850098
0.016045570373535156
0.04073929786682129
0.15809035301208496
0.0365755558013916
0.03536725044250488
0.04298090934753418
0.02408576011657715
0.013692855834960938
0.02311873435974121
0.11381340026855469
0.02962493896484375
0.05555868148803711
0.026399612426757812
0.022868871688842773
0.03542065620422363
0.025662660598754883
0.027048110961914062
0.0330502986907959
0.05884718894958496
0.034049272537231445
0.024597644805908203
0.024899959564208984
0.027986526489257812
0.027374744415283203
0.025490283966064453
0.0438385009765625
0.016498804092407227
0.06846070289611816
0.05793023109436035
0.013076066970825195
0.027252674102783203
0.01574540138244629
0.09393763542175293
0.02683281898498535
0.06792879104614258
0.02604961395263672
0.01189732551574707
0.018193960189819336
0.06900620460510254
0.07414841651916504
0.06749749183654785
0.05485820770263672
0.04380297660827637
0.058472394943237305
0.016109704971313477
0.02890753746032715
0.012917518615722656
0.01216888427734375
0.07409048080444336
0.01265263557434082
0.014181852340698242
0.03585410118103027
0.06276941299438477
0.012052774429321289
0.02659440040588379
0.06723761558532715
0.02361297607421875
0.030147790908813477
0.012883663177490234
0.014116287231445312
0.10672903060913086
0.06301140785217285
0.02806377410888672
0.015112876892089844
0.07500672340393066
0.0638129711151123
0.014902591705322266
0.023407697677612305
0.07680487632751465
0.026714324951171875
0.0870213508605957
0.014185667037963867
0.02312445640563965
0.07065749168395996
0.023506879806518555
0.06743192672729492
0.017055273056030273
0.11080121994018555
0.02307271957397461
0.029933929443359375
0.039818763732910156
0.047039031982421875
0.010318994522094727
0.013907432556152344
0.024933338165283203
0.035079240798950195
0.015825748443603516
0.016234636306762695
0.052880048751831055
0.023846864700317383
0.027273893356323242
0.025502681732177734
0.023035287857055664
0.025770187377929688
0.03820514678955078
0.02483844757080078
0.02226996421813965
0.019805908203125
0.02758955955505371
0.054529428482055664
0.01643848419189453
0.016239404678344727
0.02685070037841797
0.01835942268371582
0.04439878463745117
0.014213085174560547
0.044530630111694336
0.022383928298950195
0.026172876358032227
0.012253999710083008
0.035430908203125
0.01594090461730957
0.02279829978942871
0.04296541213989258
0.0363459587097168
0.06183028221130371
0.013254404067993164
0.08194828033447266
0.02217721939086914
0.032776594161987305
0.02622222900390625
0.015683412551879883
0.01902151107788086
0.030884981155395508
0.01580190658569336
0.07610511779785156
0.056931495666503906
0.016140460968017578
0.027487516403198242
0.029881715774536133
0.17234158515930176
0.012207508087158203
0.03481411933898926
0.04287123680114746
0.01843881607055664
0.012930154800415039
0.0191042423248291
0.06851339340209961
0.01696300506591797
0.017168521881103516
0.028151988983154297
0.06846904754638672
0.0747072696685791
0.06819796562194824
0.033669471740722656
0.0563812255859375
0.0724952220916748
0.21241283416748047
0.05565142631530762
0.017920970916748047
0.026733875274658203
0.060959815979003906
0.015587806701660156
0.09871673583984375
0.01675701141357422
0.22707223892211914
0.07667326927185059
0.05616641044616699
0.013232707977294922
0.0278017520904541
0.02284860610961914
0.1220548152923584
0.024384021759033203
0.10724091529846191
0.017359256744384766
0.06620192527770996
0.12150192260742188
0.03477168083190918
0.05397510528564453
0.05903220176696777
0.06904888153076172
0.12374496459960938
0.07637906074523926
0.08160686492919922
0.1160738468170166
0.07183170318603516
0.07212281227111816
0.05821061134338379
0.1481156349182129
0.05672645568847656
0.06757831573486328
0.05741119384765625
0.07055783271789551
0.0322725772857666
0.027541637420654297
0.02429509162902832
0.01637578010559082
0.02938389778137207
0.1056978702545166
0.013278007507324219
0.02720499038696289
0.030819416046142578
0.05772995948791504
0.012904644012451172
0.07677745819091797
0.01325845718383789
0.016715049743652344
0.044022560119628906
0.012974739074707031
0.05735969543457031
0.025713205337524414
0.03402352333068848
0.06783556938171387
0.07869124412536621
0.20395541191101074
0.01114034652709961
0.06607198715209961
0.06325674057006836
0.027551651000976562
0.058037519454956055
0.055769920349121094
0.016449928283691406
0.023907184600830078
0.05811810493469238
0.15252065658569336
0.013544797897338867
0.0794222354888916
0.03666377067565918
0.014817953109741211
0.09120011329650879
0.012491941452026367
0.015607833862304688
0.014177083969116211
0.03841280937194824
0.016731977462768555
0.04282951354980469
0.01685047149658203
0.029862642288208008
0.035926103591918945
0.014978885650634766
0.024470090866088867
0.01900196075439453
0.045874595642089844
0.03499722480773926
0.013876914978027344
0.015805482864379883
0.0248563289642334
0.03408050537109375
0.026107311248779297
0.02652454376220703
0.01221323013305664
0.018927812576293945
0.0587923526763916
0.016769886016845703
0.012536764144897461
0.04734373092651367
0.013932228088378906
0.04688119888305664
0.024828672409057617
0.057187557220458984
0.01603078842163086
0.053827524185180664
0.0708777904510498
0.04328298568725586
0.01282644271850586
0.016019821166992188
0.026051759719848633
0.06354427337646484
0.015202760696411133
0.01619100570678711
0.023846864700317383
0.039925575256347656
0.027574777603149414
0.025695085525512695
0.02402043342590332
0.08408045768737793
0.06327581405639648
0.041054725646972656
0.02614593505859375
0.03566455841064453
0.03754758834838867
0.0868525505065918
0.010784626007080078
0.024389982223510742
0.04773306846618652
0.017259597778320312
0.017691850662231445
0.10897588729858398
0.02472829818725586
0.0144805908203125
0.060523271560668945
0.051964759826660156
0.03540825843811035
0.020615339279174805
0.014249086380004883
0.01750469207763672
0.1817784309387207
0.013113737106323242
0.06178927421569824
0.016187191009521484
0.06508302688598633
0.014705896377563477
0.16195201873779297
0.05617117881774902
0.03202056884765625
0.06782031059265137
0.02713465690612793
0.016980886459350586
0.09777617454528809
0.05600452423095703
0.02715444564819336
0.04385542869567871
0.06760835647583008
0.019986391067504883
0.02723383903503418
0.03758883476257324
0.026270389556884766
0.016473054885864258
0.025285959243774414
0.013553380966186523
0.017694711685180664
0.014955282211303711
0.01726675033569336
0.02761983871459961
0.015859603881835938
0.0169522762298584
0.0321507453918457
0.016866207122802734
0.024899721145629883
0.02559828758239746
0.03488469123840332
0.01523590087890625
0.016951322555541992
0.04618954658508301
0.013051748275756836
0.012233972549438477
0.023917198181152344
0.027673006057739258
0.02526235580444336
0.023671627044677734
0.025912046432495117
0.012581348419189453
0.024383068084716797
0.020722389221191406
0.048856496810913086
0.03491806983947754
0.03390645980834961
0.03645133972167969
0.03756523132324219
0.033172607421875
0.01609349250793457
0.016130447387695312
0.01419210433959961
0.01836681365966797
0.026712894439697266
0.03077220916748047
0.016938209533691406
0.02292466163635254
0.014125347137451172
0.024208545684814453
0.026560306549072266
0.041999101638793945
0.01777791976928711
0.03291726112365723
0.01925206184387207
0.034130096435546875
0.018046140670776367
0.01722407341003418
0.023659467697143555
0.027016162872314453
0.022999048233032227
0.024225473403930664
0.046225547790527344
0.024188756942749023
0.014967679977416992
0.05077815055847168
0.02432870864868164
0.03743577003479004
0.015359640121459961
0.017262697219848633
0.020231246948242188
0.03403043746948242
0.01323390007019043
0.019187450408935547
0.01591968536376953
0.024515151977539062
0.024280548095703125
0.01198434829711914
0.02394580841064453
0.01743030548095703
0.04702877998352051
0.014925003051757812
0.012200593948364258
0.0619969367980957
0.025784969329833984
0.02388167381286621
0.012618780136108398
0.04920148849487305
0.014453411102294922
0.06755900382995605
0.0359044075012207
0.03515744209289551
0.026042699813842773
0.012593269348144531
0.06112217903137207
0.03604555130004883
0.03501009941101074
0.0371243953704834
0.02510666847229004
0.04099631309509277
0.016871213912963867
0.022887229919433594
0.029164552688598633
0.015868425369262695
0.01674795150756836
0.05631208419799805
0.02726125717163086
0.026937484741210938
0.013806819915771484
0.03115367889404297
0.035035133361816406
0.012537956237792969
0.03586268424987793
0.05073809623718262
0.01590132713317871
0.03482866287231445
0.033030033111572266
0.01324319839477539
0.01459193229675293
0.03604722023010254
0.025849103927612305
0.0239717960357666
0.014734506607055664
0.014327764511108398
0.043311357498168945
0.03548598289489746
0.014883041381835938
0.05584907531738281
0.024094820022583008
0.022588253021240234
0.025530099868774414
0.01424407958984375
0.010974407196044922
0.01513361930847168
0.032027482986450195
0.024600982666015625
0.026048660278320312
0.015069007873535156
0.01500391960144043
0.027251005172729492
0.015134334564208984
0.03596830368041992
0.023162126541137695
0.044173479080200195
0.01703810691833496
0.03641152381896973
0.04273796081542969
0.011947154998779297
0.02237391471862793
0.03180813789367676
0.033345937728881836
0.016557931900024414
0.017467260360717773
0.013860940933227539
0.03480672836303711
0.030616283416748047
0.010109901428222656
0.06411623954772949
0.03399300575256348
0.025786399841308594
0.01341557502746582
0.051506757736206055
0.011828422546386719
0.016758441925048828
0.04634714126586914
0.025447845458984375
0.026566267013549805
0.035332441329956055
0.025407791137695312
0.04195213317871094
0.012095928192138672
0.015855789184570312
0.03208279609680176
0.034070730209350586
0.023688793182373047
0.05650186538696289
0.01669001579284668
0.013980627059936523
0.0236818790435791
0.01688551902770996
0.022846698760986328
0.015093088150024414
0.03145599365234375
0.02327275276184082
0.015070676803588867
0.019608497619628906
0.013333320617675781
0.06519389152526855
0.02685713768005371
0.03918576240539551
0.05620527267456055
0.01733255386352539
0.03590083122253418
0.012910127639770508
0.0330195426940918
0.03831219673156738
0.0241091251373291
0.014782428741455078
0.053485870361328125
0.012228965759277344
0.06702899932861328
0.0218656063079834
0.03389143943786621
0.025194168090820312
0.026708602905273438
0.03289532661437988
0.04117274284362793
0.020142793655395508
0.015055179595947266
0.01570272445678711
0.01416468620300293
0.02793598175048828
0.02107524871826172
0.016045093536376953
0.03197765350341797
0.012335538864135742
0.015916824340820312
0.029947996139526367
0.055234432220458984
0.0660710334777832
0.027103662490844727
0.016491174697875977
0.055062055587768555
0.06886649131774902
0.03356504440307617
0.013265609741210938
0.0660698413848877
0.08023214340209961
0.05566525459289551
0.013827085494995117
0.05701947212219238
0.0233914852142334
0.033612728118896484
0.02440357208251953
0.017808914184570312
0.11054420471191406
0.045809030532836914
0.015216827392578125
0.027547597885131836
0.035720109939575195
0.0696096420288086
0.05674552917480469
0.013814210891723633
0.024547576904296875
0.03287363052368164
0.013574600219726562
0.0570828914642334
0.02542400360107422
0.03167891502380371
0.02688741683959961
0.017601490020751953
0.02100396156311035
0.025140762329101562
0.013818502426147461
0.015874147415161133
0.03596329689025879
0.010746240615844727
0.05636119842529297
0.02074742317199707
0.013996601104736328
0.026978731155395508
0.03559422492980957
0.02313709259033203
0.0557551383972168
0.04339456558227539
0.01732921600341797
0.07724237442016602
0.012927532196044922
0.06732654571533203
0.09425997734069824
0.015680551528930664
0.011696815490722656
0.013976335525512695
0.16290974617004395
0.07160091400146484
0.034583091735839844
0.11082744598388672
0.05460977554321289
0.05512809753417969
0.08403539657592773
0.0373685359954834
0.024387598037719727
0.08544015884399414
0.2124333381652832
0.011051416397094727
0.06902241706848145
0.0243837833404541
0.01413726806640625
0.0647435188293457
0.074310302734375
0.014694690704345703
0.07485508918762207
0.02510380744934082
0.04512190818786621
0.021682262420654297
0.011507034301757812
0.016758441925048828
0.06659626960754395
0.08053946495056152
0.03396868705749512
0.0688161849975586
0.054988861083984375
0.036802053451538086
0.035993337631225586
0.0749821662902832
0.03874778747558594
0.0652930736541748
0.026869535446166992
0.03670978546142578
0.06226825714111328
0.06858110427856445
0.021089792251586914
0.1050863265991211
0.026828289031982422
0.06589651107788086
0.05605149269104004
0.023549556732177734
0.012085676193237305
0.011873245239257812
0.035225629806518555
0.05350852012634277
0.024456501007080078
0.013162851333618164
0.0360870361328125
0.0240325927734375
0.02309441566467285
0.026179790496826172
0.03689885139465332
0.014884233474731445
0.02687835693359375
0.015758275985717773
0.033927202224731445
0.03629112243652344
0.03684043884277344
0.014190673828125
0.037052154541015625
0.024152755737304688
0.05685281753540039
0.034659624099731445
0.02572941780090332
0.025807857513427734
0.015671253204345703
0.042691946029663086
0.014456033706665039
0.0445256233215332
0.01883101463317871
