0.0040776729583740234
0.005835056304931641
0.005292654037475586
0.003744840621948242
0.014258861541748047
0.005372762680053711
0.0032472610473632812
0.0047757625579833984
0.01424407958984375
0.0028390884399414062
0.014612197875976562
0.005076408386230469
0.0054590702056884766
0.014127254486083984
0.014401912689208984
0.005297660827636719
0.002015352249145508
0.004014492034912109
0.014069318771362305
0.014142751693725586
0.00556635856628418
0.004229068756103516
0.007021188735961914
0.003179788589477539
0.014008522033691406
0.004058361053466797
0.0030205249786376953
0.013028860092163086
0.01475834846496582
0.004625082015991211
0.0032274723052978516
0.004036903381347656
0.005942106246948242
0.0038635730743408203
0.004000425338745117
0.013242483139038086
0.005449533462524414
0.004450321197509766
0.0029010772705078125
0.004798412322998047
0.0038063526153564453
0.006172657012939453
0.005633115768432617
0.00406646728515625
0.006204366683959961
0.014840364456176758
0.006051778793334961
0.0038399696350097656
0.015130043029785156
0.004865884780883789
0.004931926727294922
0.0039653778076171875
0.004151582717895508
0.004926919937133789
0.005782604217529297
0.004602670669555664
0.015528678894042969
0.005752086639404297
0.0046062469482421875
0.0060062408447265625
0.0035712718963623047
0.003183603286743164
0.015187740325927734
0.005682468414306641
0.005684614181518555
0.005943775177001953
0.005197048187255859
0.014310359954833984
0.004844188690185547
0.0037832260131835938
0.003022432327270508
0.016608476638793945
0.01505422592163086
0.0057659149169921875
0.016208171844482422
0.00464940071105957
0.005440235137939453
0.013712406158447266
0.016048431396484375
0.005595684051513672
0.003754854202270508
0.013462066650390625
0.0035343170166015625
0.0028886795043945312
0.0043680667877197266
0.0170133113861084
0.02611088752746582
0.015766382217407227
0.014440298080444336
0.002866983413696289
0.00710606575012207
0.006985664367675781
0.006818056106567383
0.006415605545043945
0.0044095516204833984
0.01825237274169922
0.005522489547729492
0.005402565002441406
0.015933513641357422
0.003554821014404297
0.007176399230957031
0.015098094940185547
0.005721092224121094
0.01524972915649414
0.00498199462890625
0.006735801696777344
0.0056073665618896484
0.016547203063964844
0.0060122013092041016
0.0045375823974609375
0.015555620193481445
0.007227420806884766
0.006825447082519531
0.012371301651000977
0.004263639450073242
0.004018545150756836
0.01727581024169922
0.018549203872680664
0.007947683334350586
0.0038754940032958984
0.0052127838134765625
0.005660057067871094
0.002919912338256836
0.011222362518310547
0.005833864212036133
0.006867170333862305
0.0047190189361572266
0.003775358200073242
0.016678810119628906
0.01791214942932129
0.006414651870727539
0.014750242233276367
0.004832029342651367
0.00420689582824707
0.004582643508911133
0.015087604522705078
0.004918575286865234
0.005532979965209961
0.014610767364501953
0.0062749385833740234
0.01604151725769043
0.004197120666503906
0.015837430953979492
0.015376567840576172
0.014767885208129883
0.016657352447509766
0.006310701370239258
0.005456686019897461
0.0060350894927978516
0.006889820098876953
0.004327535629272461
0.01465916633605957
0.007070779800415039
0.01449131965637207
0.004740715026855469
0.004134654998779297
0.004300355911254883
0.0035462379455566406
0.008260726928710938
0.0030395984649658203
0.0038955211639404297
0.004292726516723633
0.0033104419708251953
0.0050830841064453125
0.0049746036529541016
0.0046765804290771484
0.0036554336547851562
0.013646602630615234
0.014513731002807617
0.004127025604248047
0.005786418914794922
0.005187273025512695
0.0028944015502929688
0.004250288009643555
0.004282474517822266
0.005731105804443359
0.005095720291137695
0.013645648956298828
0.004334926605224609
0.002886533737182617
0.003921985626220703
0.0037000179290771484
0.013438224792480469
0.01465153694152832
0.004517555236816406
0.0047299861907958984
0.013447284698486328
0.014204263687133789
0.01495051383972168
0.014287471771240234
0.014867067337036133
0.014730691909790039
0.014173507690429688
0.016935110092163086
0.007287025451660156
0.0047817230224609375
0.007127285003662109
0.0028934478759765625
0.0028624534606933594
0.01479196548461914
0.002515554428100586
0.0021550655364990234
0.014268636703491211
0.004202127456665039
0.00442814826965332
0.006001710891723633
0.0027587413787841797
0.003175020217895508
0.0048029422760009766
0.015812397003173828
0.01678180694580078
0.014782190322875977
0.004172563552856445
0.0047817230224609375
0.017920494079589844
0.015309572219848633
0.015237569808959961
0.0056684017181396484
0.0046536922454833984
0.003996133804321289
0.005688667297363281
0.006156444549560547
0.004646778106689453
0.008312225341796875
0.0034782886505126953
0.005655050277709961
0.014960765838623047
0.0036525726318359375
0.0047681331634521484
0.004216432571411133
0.01449275016784668
0.0037276744842529297
0.007758378982543945
0.004302501678466797
0.01704573631286621
0.006711721420288086
0.0029811859130859375
0.004903554916381836
0.004014492034912109
0.004152059555053711
0.00705265998840332
0.014192819595336914
0.005888462066650391
0.014918327331542969
0.0055811405181884766
0.015035390853881836
0.0036687850952148438
0.014029979705810547
0.0035440921783447266
0.003361940383911133
0.003017902374267578
0.014108419418334961
0.005771160125732422
0.0038657188415527344
0.0027914047241210938
0.00492095947265625
0.003970623016357422
0.002724885940551758
0.01453399658203125
0.004685640335083008
0.014455556869506836
0.0050961971282958984
0.0037720203399658203
0.015146493911743164
0.014148473739624023
0.013934612274169922
0.00482487678527832
0.014995098114013672
0.004933834075927734
0.014594554901123047
0.014322042465209961
0.013997077941894531
0.0035889148712158203
0.0032744407653808594
0.00613093376159668
0.0037398338317871094
0.004119873046875
0.013791561126708984
0.006001710891723633
0.013936042785644531
0.014775276184082031
0.005569934844970703
0.0052642822265625
0.004009246826171875
0.007353782653808594
0.006066083908081055
0.005322456359863281
0.015605926513671875
0.005801677703857422
0.0047991275787353516
0.00606989860534668
0.005808115005493164
0.00575709342956543
0.0051119327545166016
0.013824939727783203
0.0038204193115234375
0.004515647888183594
0.004848957061767578
0.004635810852050781
0.013217449188232422
0.014719724655151367
0.014960765838623047
0.006459951400756836
0.0030701160430908203
0.0033097267150878906
0.006295442581176758
0.003259420394897461
0.013412952423095703
0.013389348983764648
0.015386104583740234
0.015674352645874023
0.012950658798217773
0.004747152328491211
0.004424571990966797
0.0049207210540771484
0.006057262420654297
0.004115104675292969
0.004128217697143555
0.004190683364868164
0.0037806034088134766
0.003970146179199219
0.0043642520904541016
0.0047397613525390625
0.0028891563415527344
0.0035562515258789062
0.0038394927978515625
0.00455784797668457
0.005738019943237305
0.014541864395141602
0.0028340816497802734
0.003731250762939453
0.003733396530151367
0.00421905517578125
0.004234790802001953
0.003990650177001953
0.013012409210205078
0.005202531814575195
0.0037279129028320312
0.005005836486816406
0.0038568973541259766
0.004342555999755859
0.013913869857788086
0.013637065887451172
0.01415109634399414
0.003374814987182617
0.003161907196044922
0.004473209381103516
0.0049130916595458984
0.004486799240112305
0.004692792892456055
0.0028350353240966797
0.0030853748321533203
0.01421499252319336
0.0056400299072265625
0.0036551952362060547
0.01434636116027832
0.004722118377685547
0.005118131637573242
0.003045797348022461
0.004130363464355469
0.006953001022338867
0.015171527862548828
0.01528024673461914
0.014706850051879883
0.00747370719909668
0.005297660827636719
0.016548871994018555
0.0068972110748291016
0.0071659088134765625
0.0057582855224609375
0.0044612884521484375
0.0033559799194335938
0.008891820907592773
0.014890432357788086
0.007596015930175781
0.005259513854980469
0.005532503128051758
0.013490915298461914
0.0049724578857421875
0.00524139404296875
0.0054738521575927734
0.01499485969543457
0.016031980514526367
0.006092548370361328
0.015862464904785156
0.004624843597412109
0.01626729965209961
0.006298065185546875
0.003868579864501953
0.007922649383544922
0.005527496337890625
0.005164623260498047
0.004400491714477539
0.004815101623535156
0.0053861141204833984
0.005654811859130859
0.010431766510009766
0.016252517700195312
0.004217863082885742
0.004958391189575195
0.005224704742431641
0.017165184020996094
0.01483011245727539
0.00462651252746582
0.003122091293334961
0.0059986114501953125
0.015602827072143555
0.004836082458496094
0.006502389907836914
0.005644798278808594
0.005796194076538086
0.005464792251586914
0.016268491744995117
0.005167484283447266
0.0036039352416992188
0.004995584487915039
0.00612187385559082
0.0043697357177734375
0.004410982131958008
0.01504969596862793
0.004448652267456055
0.0041866302490234375
0.005894660949707031
0.0054585933685302734
0.004835367202758789
0.01310110092163086
0.015160083770751953
0.005243778228759766
0.003292083740234375
0.013404607772827148
0.014583110809326172
0.0045697689056396484
0.005602836608886719
0.014401435852050781
0.015941858291625977
0.015318632125854492
0.0041120052337646484
0.0042726993560791016
0.013836383819580078
0.015035390853881836
0.012973785400390625
0.013876914978027344
0.004263877868652344
0.014072656631469727
0.01605963706970215
0.005908966064453125
0.004645109176635742
0.004626274108886719
0.005419254302978516
0.004541635513305664
0.0025835037231445312
0.0032567977905273438
0.005595684051513672
0.00479888916015625
0.016196250915527344
0.003906726837158203
0.005017995834350586
0.004443168640136719
0.003279447555541992
0.003451824188232422
0.0056684017181396484
0.016340017318725586
0.004013776779174805
0.0048940181732177734
0.014670848846435547
0.004599332809448242
0.0054700374603271484
0.004048347473144531
0.004075050354003906
0.014220714569091797
0.004528045654296875
0.005078554153442383
0.0052051544189453125
0.016565322875976562
0.0037679672241210938
0.014214038848876953
0.015317678451538086
0.00564122200012207
0.0039463043212890625
0.0029554367065429688
0.003872394561767578
0.004074811935424805
0.004695892333984375
0.014530658721923828
0.014960289001464844
0.014834165573120117
0.0034897327423095703
0.0041294097900390625
0.0059583187103271484
0.004438877105712891
0.014182806015014648
0.004690408706665039
0.013556241989135742
0.004768848419189453
0.006525754928588867
0.004896879196166992
0.005178213119506836
0.004606485366821289
0.014965534210205078
0.004741191864013672
0.0067901611328125
0.0036873817443847656
0.019763946533203125
0.02730536460876465
0.004790782928466797
0.013418436050415039
0.014806985855102539
0.014045238494873047
0.01555490493774414
0.0035436153411865234
0.0027008056640625
0.005784273147583008
0.0051364898681640625
0.005857706069946289
0.005700826644897461
0.005914449691772461
0.013939380645751953
0.007832050323486328
0.005648612976074219
0.006499767303466797
0.006382942199707031
0.003551959991455078
0.0037813186645507812
0.005147457122802734
0.013238191604614258
0.013507366180419922
0.01572394371032715
0.014590024948120117
0.0037910938262939453
0.004771709442138672
0.00463557243347168
0.003721475601196289
0.017727136611938477
0.004166603088378906
0.018603086471557617
0.013976573944091797
0.0032842159271240234
0.0037450790405273438
0.003753662109375
0.004029273986816406
0.004091978073120117
0.003123044967651367
0.005183696746826172
0.014195680618286133
0.003949403762817383
0.003977775573730469
0.005173206329345703
0.005187273025512695
0.0042722225189208984
0.014386892318725586
0.003786802291870117
0.004320621490478516
0.005549430847167969
0.003762483596801758
0.0033049583435058594
0.002978801727294922
0.003854990005493164
0.004484653472900391
0.0034360885620117188
0.00676727294921875
0.014770746231079102
0.014562129974365234
0.002956390380859375
0.004192352294921875
0.00565791130065918
0.004614591598510742
0.003962516784667969
0.015633821487426758
0.01502370834350586
0.015180110931396484
0.003043651580810547
0.005692720413208008
0.013924121856689453
0.004547595977783203
0.005409717559814453
0.013349056243896484
0.005561113357543945
0.004523515701293945
0.004946470260620117
0.0037119388580322266
0.004595756530761719
0.013430356979370117
0.015322208404541016
0.0054662227630615234
0.00410914421081543
0.004611015319824219
0.005034446716308594
0.004874229431152344
0.003876209259033203
0.0036711692810058594
0.00430750846862793
0.0045185089111328125
0.0038442611694335938
0.014061927795410156
0.002885580062866211
0.014885187149047852
0.0038988590240478516
0.0029702186584472656
0.01329493522644043
0.00536346435546875
0.013878822326660156
0.01572585105895996
0.014969587326049805
0.014534235000610352
0.003726482391357422
0.004977226257324219
0.005469322204589844
0.013534069061279297
0.015249252319335938
0.015874862670898438
0.014670848846435547
0.014014005661010742
0.014702081680297852
0.0038373470306396484
0.014168262481689453
0.004810810089111328
0.00468897819519043
0.013128042221069336
0.015507936477661133
0.0061337947845458984
0.004362821578979492
0.0059587955474853516
0.005115985870361328
0.0032396316528320312
0.0033278465270996094
0.003914594650268555
0.015832901000976562
0.003561735153198242
0.0032281875610351562
0.004612922668457031
0.004410266876220703
0.004302501678466797
0.0038030147552490234
0.003885030746459961
0.0027823448181152344
0.005686283111572266
0.004158735275268555
0.005115509033203125
0.004819154739379883
0.014156341552734375
0.015320062637329102
0.005446434020996094
0.004456996917724609
0.0039060115814208984
0.004782199859619141
0.004961729049682617
0.0047283172607421875
0.005310773849487305
0.015085220336914062
0.004842519760131836
0.004503488540649414
0.003981351852416992
0.004321098327636719
0.0029897689819335938
0.003128528594970703
0.004843950271606445
0.005095481872558594
0.004973173141479492
0.006030082702636719
0.014055967330932617
0.0038771629333496094
0.005249500274658203
0.00417017936706543
0.0045087337493896484
0.0048525333404541016
0.01607203483581543
0.005799770355224609
0.0037348270416259766
0.014794349670410156
0.015079498291015625
0.00582575798034668
0.004269599914550781
0.014309883117675781
0.014512777328491211
0.016800880432128906
0.005286216735839844
0.004349231719970703
0.003415822982788086
0.013620615005493164
0.004741668701171875
0.0038754940032958984
0.0058231353759765625
0.004836082458496094
0.015524148941040039
0.014774560928344727
0.013363122940063477
0.015656709671020508
0.01772451400756836
0.00391077995300293
0.008129358291625977
0.005902528762817383
0.004619121551513672
0.00417637825012207
0.01468205451965332
0.004729032516479492
0.005876779556274414
0.004040241241455078
0.004588603973388672
0.0047588348388671875
0.003966093063354492
0.0029244422912597656
0.005118608474731445
0.004759550094604492
0.00520777702331543
0.014900922775268555
0.0044286251068115234
0.007108211517333984
0.003820180892944336
0.0026917457580566406
0.005051851272583008
0.003962516784667969
0.004862070083618164
0.003931760787963867
0.004568576812744141
0.004694223403930664
0.004689931869506836
0.0027658939361572266
0.004500865936279297
0.015824317932128906
0.0047795772552490234
0.0036389827728271484
0.006473541259765625
0.014883279800415039
0.0047931671142578125
0.003857135772705078
0.0045130252838134766
0.0059413909912109375
0.0055332183837890625
0.003916740417480469
0.003237485885620117
0.003760099411010742
0.015219926834106445
0.005377769470214844
0.002917766571044922
0.004490852355957031
0.0026407241821289062
0.0031511783599853516
0.002916097640991211
0.0031507015228271484
0.003923892974853516
0.0048563480377197266
0.00391387939453125
0.003351926803588867
0.003673553466796875
0.0029535293579101562
0.0038733482360839844
0.002916574478149414
0.015136480331420898
0.004683732986450195
0.0036737918853759766
0.014737129211425781
0.004847049713134766
0.01595282554626465
0.004792928695678711
0.01448369026184082
0.0054779052734375
0.005091428756713867
0.014168977737426758
0.0058383941650390625
0.005949497222900391
0.0037691593170166016
0.003489971160888672
0.003827810287475586
0.014371633529663086
0.003618955612182617
0.004799842834472656
0.004999876022338867
0.005423784255981445
0.003968715667724609
0.0038695335388183594
0.003953218460083008
0.002843618392944336
0.016050100326538086
0.014153003692626953
0.004533052444458008
0.004381895065307617
0.0037431716918945312
0.005212068557739258
0.004273414611816406
0.004960775375366211
0.003643035888671875
0.0034089088439941406
0.00494384765625
0.003968000411987305
0.005355119705200195
0.0033490657806396484
0.013401985168457031
0.0051686763763427734
0.014109134674072266
0.0036356449127197266
0.013971567153930664
0.004693508148193359
0.015348672866821289
0.0041539669036865234
0.0039825439453125
0.014067649841308594
0.0037250518798828125
0.015113592147827148
0.00500178337097168
0.0040552616119384766
0.005048036575317383
0.00406646728515625
0.005272626876831055
0.0042569637298583984
0.007254838943481445
0.004525423049926758
0.00351715087890625
0.014509439468383789
0.0036902427673339844
0.005075931549072266
0.004128694534301758
0.014475107192993164
0.0044155120849609375
0.0058557987213134766
0.003973722457885742
0.0037107467651367188
0.014081239700317383
0.014171600341796875
0.0037069320678710938
0.004738569259643555
0.004599094390869141
0.005017518997192383
0.015036582946777344
0.004995107650756836
0.003597736358642578
0.0040569305419921875
0.0036957263946533203
0.0060672760009765625
0.0034637451171875
0.0035772323608398438
0.003918647766113281
0.0037031173706054688
0.004634857177734375
0.005522727966308594
0.006380558013916016
0.013610124588012695
0.015371561050415039
0.005266427993774414
0.0046236515045166016
0.003568410873413086
0.0039331912994384766
0.004782438278198242
0.015684843063354492
0.007505655288696289
0.013939380645751953
0.005387306213378906
0.0053806304931640625
0.006468057632446289
0.013834953308105469
0.004608869552612305
0.004001617431640625
0.016092538833618164
0.005683422088623047
0.004847526550292969
0.00493168830871582
0.0024690628051757812
0.003177165985107422
0.0040662288665771484
0.015081405639648438
0.00471949577331543
0.013917684555053711
0.015456676483154297
0.01455068588256836
0.004792451858520508
0.006379842758178711
0.0026383399963378906
0.013972043991088867
0.004876375198364258
0.004649162292480469
0.002693653106689453
0.005286216735839844
0.014310598373413086
0.0045850276947021484
0.003815889358520508
0.00391387939453125
0.004351615905761719
0.005306243896484375
0.003789663314819336
0.0153350830078125
0.004662990570068359
0.0036678314208984375
0.013522148132324219
0.004292726516723633
0.002814054489135742
0.003161907196044922
0.005344390869140625
0.0035085678100585938
0.0031032562255859375
0.0028715133666992188
0.003926277160644531
0.0036072731018066406
0.004228115081787109
0.003612041473388672
0.004007101058959961
0.013034343719482422
0.0050122737884521484
0.003519773483276367
0.00310516357421875
0.013695240020751953
0.005532503128051758
0.017023801803588867
0.02852153778076172
0.0182344913482666
0.015442132949829102
0.008815288543701172
0.006859540939331055
0.006827592849731445
0.007876157760620117
0.0075991153717041016
0.006041765213012695
0.007831096649169922
0.01656961441040039
0.00713658332824707
0.014256000518798828
0.007326602935791016
0.01581883430480957
0.0032715797424316406
0.0031495094299316406
0.004107475280761719
0.003942728042602539
0.0038781166076660156
0.004533052444458008
0.0042057037353515625
0.004687786102294922
0.003258228302001953
0.013979911804199219
0.014191865921020508
0.01399683952331543
0.004578590393066406
0.01436161994934082
0.004809379577636719
0.0037496089935302734
0.004590272903442383
0.005236625671386719
0.0046656131744384766
0.004866838455200195
0.0044481754302978516
0.002888202667236328
0.003926753997802734
0.004190206527709961
0.0029561519622802734
0.0037589073181152344
0.014261960983276367
0.0051686763763427734
0.004050731658935547
0.0026748180389404297
0.017184019088745117
0.015506982803344727
0.0056645870208740234
0.014590978622436523
0.003888368606567383
0.004217624664306641
0.015115022659301758
0.015813112258911133
0.005156278610229492
0.0058078765869140625
0.0042760372161865234
0.014110803604125977
0.003972291946411133
0.004305839538574219
0.004159688949584961
0.004850149154663086
0.003943443298339844
0.0031158924102783203
0.003694295883178711
0.003139972686767578
0.014067649841308594
0.014916658401489258
0.0062673091888427734
0.004949092864990234
0.013065814971923828
0.004248380661010742
0.0029032230377197266
0.0046269893646240234
0.015210866928100586
0.014122962951660156
0.013875722885131836
0.0150909423828125
0.017699241638183594
0.015452861785888672
0.013977527618408203
0.014861106872558594
0.003750324249267578
0.005010128021240234
0.003103494644165039
0.0029795169830322266
0.0033991336822509766
0.003975629806518555
0.0030989646911621094
0.003777742385864258
0.014536619186401367
0.015408515930175781
0.005532979965209961
0.003104686737060547
0.004200458526611328
0.00481104850769043
0.01491856575012207
0.014884710311889648
0.014140129089355469
0.005306720733642578
0.004473209381103516
0.003687143325805664
0.004607200622558594
0.0036211013793945312
0.003020763397216797
0.014209508895874023
0.006220579147338867
0.0045299530029296875
0.002799510955810547
0.0053882598876953125
0.002823352813720703
0.001958131790161133
0.004042863845825195
0.0037691593170166016
0.0031280517578125
0.003424406051635742
0.0028285980224609375
0.004961252212524414
0.0051805973052978516
